 1.956184014867E+03 # surface pressure
 2400 # surface pressure
# r rho (dimensional)
 0.000000000000E+00 6.687355827215E+01
 1.526648700425E+08 6.687049399584E+01
 3.053224416471E+08 6.686130257195E+01
 4.579732175656E+08 6.684598716974E+01
 6.106116306301E+08 6.682455351109E+01
 7.632354759461E+08 6.679700902926E+01
 9.158395792795E+08 6.676336392782E+01
 1.068420961325E+09 6.672363004614E+01
 1.220975711662E+09 6.667782166755E+01
 1.373499820314E+09 6.662595530871E+01
 1.525989305668E+09 6.656804954098E+01
 1.678441565597E+09 6.650412456599E+01
 1.830851119764E+09 6.643420396500E+01
 1.983215496912E+09 6.635831204213E+01
 2.135530201307E+09 6.627647606839E+01
 2.287792600289E+09 6.618872447228E+01
 2.439997141813E+09 6.609508944015E+01
 2.592142017054E+09 6.599560285849E+01
 2.744221638491E+09 6.589030095376E+01
 2.896234833130E+09 6.577921896304E+01
 3.048174954467E+09 6.566239805634E+01
 3.200040548383E+09 6.553987743910E+01
 3.351826797277E+09 6.541170068675E+01
 3.503530148865E+09 6.527791226104E+01
 3.655148750675E+09 6.513855691479E+01
 3.806675652082E+09 6.499368593687E+01
 3.958110326868E+09 6.484334630869E+01
 4.109447345433E+09 6.468759133429E+01
 4.260683271826E+09 6.452647410695E+01
 4.411816941803E+09 6.436004688365E+01
 4.562840863433E+09 6.418837055133E+01
 4.713754072262E+09 6.401150031508E+01
 4.864553295329E+09 6.382949527673E+01
 5.015232650670E+09 6.364241924296E+01
 5.165792221205E+09 6.345033015604E+01
 5.316225146988E+09 6.325329618888E+01
 5.466527244704E+09 6.305138370020E+01
 5.616697997797E+09 6.284465524793E+01
 5.766727730826E+09 6.263318723444E+01
 5.916613964220E+09 6.241704763447E+01
 6.066355508662E+09 6.219630369694E+01
 6.215944762621E+09 6.197103338970E+01
 6.365381086009E+09 6.174130542651E+01
 6.514661969875E+09 6.150719199179E+01
 6.663779678508E+09 6.126877450946E+01
 6.812734268122E+09 6.102612329795E+01
 6.961523709269E+09 6.077931318429E+01
 7.110144361270E+09 6.052842297341E+01
 7.258596735827E+09 6.027352529959E+01
 7.406876887076E+09 6.001470063742E+01
 7.554981201924E+09 5.975202903201E+01
 7.702910102376E+09 5.948558339294E+01
 7.850655772047E+09 5.921545190575E+01
 7.998214452876E+09 5.894171648282E+01
 8.145585958552E+09 5.866445315884E+01
 8.292760593734E+09 5.838375649114E+01
 8.439736168116E+09 5.809970738608E+01
 8.586511962474E+09 5.781238393778E+01
 8.733081609020E+09 5.752187556957E+01
 8.879445054133E+09 5.722825971533E+01
 9.025599719356E+09 5.693161909772E+01
 9.171539716038E+09 5.663204351231E+01
 9.317265728749E+09 5.632960948362E+01
 9.462771949679E+09 5.602440712532E+01
 9.608055031375E+09 5.571652185289E+01
 9.753114719557E+09 5.540603263094E+01
 9.897943982708E+09 5.509303275700E+01
 1.004254250499E+10 5.477760070587E+01
 1.018690761574E+10 5.445981956890E+01
 1.033103557621E+10 5.413977477303E+01
 1.047492649263E+10 5.381754336782E+01
 1.061857437523E+10 5.349321600366E+01
 1.076197905222E+10 5.316686982581E+01
 1.090513690040E+10 5.283858916044E+01
 1.104804583369E+10 5.250845459890E+01
 1.119070350165E+10 5.217654737526E+01
 1.133310464207E+10 5.184295530586E+01
 1.147524797776E+10 5.150775613791E+01
 1.161712757360E+10 5.117103793014E+01
 1.175874268755E+10 5.083287651104E+01
 1.190008956463E+10 5.049335479741E+01
 1.204116661334E+10 5.015254934038E+01
 1.218197001422E+10 4.981054102965E+01
 1.232249985324E+10 4.946740267777E+01
 1.246275642253E+10 4.912320831085E+01
 1.260273941116E+10 4.877803089258E+01
 1.274244571504E+10 4.843194630656E+01
 1.288186996158E+10 4.808503641566E+01
 1.302100655042E+10 4.773738303230E+01
 1.315985360479E+10 4.738905783068E+01
 1.329825983381E+10 4.704036331763E+01
 1.343496232041E+10 4.669336125832E+01
 1.356978578704E+10 4.634841456667E+01
 1.370286617566E+10 4.600537451717E+01
 1.383431382466E+10 4.566414228886E+01
 1.396424159339E+10 4.532459854180E+01
 1.409273237781E+10 4.498668884979E+01
 1.421989411550E+10 4.465028099755E+01
 1.434577185948E+10 4.431539874618E+01
 1.447046890856E+10 4.398190240991E+01
 1.459404478213E+10 4.364976031834E+01
 1.471653038986E+10 4.331901107611E+01
 1.483801233074E+10 4.298953628072E+01
 1.495854674387E+10 4.266129247519E+01
 1.507815546076E+10 4.233432346753E+01
 1.519687089688E+10 4.200863869405E+01
 1.531477068545E+10 4.168411733191E+01
 1.543187951969E+10 4.136077818742E+01
 1.554821310803E+10 4.103866059043E+01
 1.566379099276E+10 4.071778959417E+01
 1.577867471641E+10 4.039806997118E+01
 1.589288941459E+10 4.007950429196E+01
 1.600644664115E+10 3.976213056655E+01
 1.611935762115E+10 3.944598563286E+01
 1.623164516554E+10 3.913107175992E+01
 1.634336290867E+10 3.881730234524E+01
 1.645452344129E+10 3.850470365116E+01
 1.656513501869E+10 3.819331218204E+01
 1.667520569431E+10 3.788316309448E+01
 1.678474627231E+10 3.757428189211E+01
 1.689380293607E+10 3.726659237407E+01
 1.700239394890E+10 3.696009523710E+01
 1.711052522507E+10 3.665482441051E+01
 1.721820255471E+10 3.635081264345E+01
 1.732543160740E+10 3.604809153592E+01
 1.743222316694E+10 3.574667680187E+01
 1.753861813124E+10 3.544649781943E+01
 1.764462757856E+10 3.514756689669E+01
 1.775025566947E+10 3.484991462635E+01
 1.785550649027E+10 3.455357060290E+01
 1.796038405476E+10 3.425856345726E+01
 1.806489236509E+10 3.396492072800E+01
 1.816905930257E+10 3.367260190365E+01
 1.827290773318E+10 3.338157985765E+01
 1.837644056085E+10 3.309188264171E+01
 1.847966064562E+10 3.280353749695E+01
 1.858257080460E+10 3.251657084897E+01
 1.868517381288E+10 3.223100829355E+01
 1.878747260854E+10 3.194687400952E+01
 1.888949383038E+10 3.166412558464E+01
 1.899125608509E+10 3.138274241343E+01
 1.909276133476E+10 3.110274921655E+01
 1.919401151685E+10 3.082416982448E+01
 1.929500854459E+10 3.054702718095E+01
 1.939575430741E+10 3.027134335772E+01
 1.949625067135E+10 2.999713957881E+01
 1.959650683618E+10 2.972441627031E+01
 1.969655093586E+10 2.945312200640E+01
 1.979638668443E+10 2.918327139926E+01
 1.989601537823E+10 2.891488490480E+01
 1.999543830020E+10 2.864798228763E+01
 2.009465672009E+10 2.838258262446E+01
 2.019367189466E+10 2.811870429535E+01
 2.029248506783E+10 2.785636496312E+01
 2.039110514706E+10 2.759556128322E+01
 2.048955590025E+10 2.733625036126E+01
 2.058783968142E+10 2.707844549543E+01
 2.068595733727E+10 2.682216310559E+01
 2.078390970733E+10 2.656741872008E+01
 2.088169762411E+10 2.631422694623E+01
 2.097932191315E+10 2.606260145242E+01
 2.107678339310E+10 2.581255496377E+01
 2.117408391802E+10 2.556409661727E+01
 2.127123980647E+10 2.531719800667E+01
 2.136825688115E+10 2.507185709019E+01
 2.146513573536E+10 2.482808437968E+01
 2.156187695818E+10 2.458588961948E+01
 2.165848113453E+10 2.434528184369E+01
 2.175494884521E+10 2.410626943439E+01
 2.185128066691E+10 2.386886017763E+01
 2.194747717227E+10 2.363306131451E+01
 2.204354094448E+10 2.339887468776E+01
 2.213948354028E+10 2.316628008125E+01
 2.223530708386E+10 2.293528010887E+01
 2.233101201733E+10 2.270588107128E+01
 2.242659878004E+10 2.247808886133E+01
 2.252206780864E+10 2.225190896889E+01
 2.261741953711E+10 2.202734648138E+01
 2.271265439674E+10 2.180440608207E+01
 2.280777281623E+10 2.158309204794E+01
 2.290277615310E+10 2.136340610147E+01
 2.299767447330E+10 2.114532965832E+01
 2.309247067471E+10 2.092886060426E+01
 2.318716508626E+10 2.071400238613E+01
 2.328175803517E+10 2.050075806878E+01
 2.337624984688E+10 2.028913034952E+01
 2.347064084509E+10 2.007912157475E+01
 2.356493135180E+10 1.987073375734E+01
 2.365912168728E+10 1.966396859379E+01
 2.375321217012E+10 1.945882747964E+01
 2.384720841510E+10 1.925530009063E+01
 2.394111813211E+10 1.905337164981E+01
 2.403494161108E+10 1.885304333759E+01
 2.412867908916E+10 1.865431617113E+01
 2.422233080241E+10 1.845719088844E+01
 2.431589698580E+10 1.826166794145E+01
 2.440937787325E+10 1.806774748637E+01
 2.450277369761E+10 1.787542937263E+01
 2.459608469065E+10 1.768471313142E+01
 2.468931125806E+10 1.749559761169E+01
 2.478246136941E+10 1.730806616431E+01
 2.487553936422E+10 1.712210949596E+01
 2.496854540972E+10 1.693772646047E+01
 2.506147967253E+10 1.675491556711E+01
 2.515434231858E+10 1.657367498754E+01
 2.524713351319E+10 1.639400256713E+01
 2.533985342103E+10 1.621589584006E+01
 2.543250220616E+10 1.603935204721E+01
 2.552508003199E+10 1.586436815608E+01
 2.561758727126E+10 1.569094048938E+01
 2.571003075032E+10 1.551905319887E+01
 2.580241378322E+10 1.534869707997E+01
 2.589473648837E+10 1.517986874071E+01
 2.598699898381E+10 1.501256459894E+01
 2.607920138717E+10 1.484678089039E+01
 2.617134381574E+10 1.468251367220E+01
 2.626342638638E+10 1.451975882205E+01
 2.635544921560E+10 1.435851203313E+01
 2.644741241953E+10 1.419876880552E+01
 2.653931613133E+10 1.404052440497E+01
 2.663116548206E+10 1.388376538800E+01
 2.672296451394E+10 1.372848021557E+01
 2.681471330960E+10 1.357466394721E+01
 2.690641195141E+10 1.342231138144E+01
 2.699806052154E+10 1.327141704618E+01
 2.708965910191E+10 1.312197519261E+01
 2.718120777425E+10 1.297397979294E+01
 2.727270662004E+10 1.282742454240E+01
 2.736415572055E+10 1.268230286578E+01
 2.745555515683E+10 1.253860792801E+01
 2.754690642108E+10 1.239633046078E+01
 2.763821254826E+10 1.225545868110E+01
 2.772947369894E+10 1.211598514093E+01
 2.782068993953E+10 1.197790235022E+01
 2.791186133627E+10 1.184120265167E+01
 2.800298795523E+10 1.170587824208E+01
 2.809406986233E+10 1.157192119238E+01
 2.818510712331E+10 1.143932346563E+01
 2.827609980375E+10 1.130807693222E+01
 2.836704796910E+10 1.117817338199E+01
 2.845795187241E+10 1.104960426865E+01
 2.854881295506E+10 1.092235933379E+01
 2.863963155436E+10 1.079642985365E+01
 2.873040772984E+10 1.067180743313E+01
 2.882114154092E+10 1.054848360833E+01
 2.891183304683E+10 1.042644984200E+01
 2.900248230671E+10 1.030569751808E+01
 2.909308937954E+10 1.018621793606E+01
 2.918365432416E+10 1.006800230560E+01
 2.927417719928E+10 9.951041742450E+00
 2.936465806317E+10 9.835327266099E+00
 2.945509691810E+10 9.720849869152E+00
 2.954549378078E+10 9.607600427427E+00
 2.963584870966E+10 9.495569671214E+00
 2.972616176304E+10 9.384748245226E+00
 2.981643299909E+10 9.275126716812E+00
 2.990666247584E+10 9.166695585930E+00
 2.999685025119E+10 9.059445296449E+00
 3.008699638290E+10 8.953366248321E+00
 3.017710092862E+10 8.848448810084E+00
 3.026716394584E+10 8.744683331196E+00
 3.035718494363E+10 8.642060775413E+00
 3.044716249052E+10 8.540573138340E+00
 3.053709656536E+10 8.440210791458E+00
 3.062698723112E+10 8.340964030710E+00
 3.071683455058E+10 8.242823178407E+00
 3.080663858640E+10 8.145778586615E+00
 3.089639940106E+10 8.049820638587E+00
 3.098611705691E+10 7.954939748400E+00
 3.107579161615E+10 7.861126359016E+00
 3.116542314083E+10 7.768370939073E+00
 3.125501147709E+10 7.676664198382E+00
 3.134455483607E+10 7.585998500435E+00
 3.143405286081E+10 7.496364713265E+00
 3.152350562009E+10 7.407753275779E+00
 3.161291318254E+10 7.320154632111E+00
 3.170227561659E+10 7.233559228537E+00
 3.179159299051E+10 7.147957511547E+00
 3.188086537239E+10 7.063339927272E+00
 3.197009283016E+10 6.979696922374E+00
 3.205927543156E+10 6.897018946440E+00
 3.214841315767E+10 6.815296534733E+00
 3.223750350107E+10 6.734522474477E+00
 3.232654533835E+10 6.654688234147E+00
 3.241553874863E+10 6.575784201829E+00
 3.250448381085E+10 6.497800802090E+00
 3.259338060372E+10 6.420728504299E+00
 3.268222920574E+10 6.344557830974E+00
 3.277102969520E+10 6.269279365798E+00
 3.285978215018E+10 6.194883760996E+00
 3.294848664853E+10 6.121361743767E+00
 3.303714322506E+10 6.048704156460E+00
 3.312574946032E+10 5.976903901249E+00
 3.321430398616E+10 5.905953038436E+00
 3.330280689299E+10 5.835842515812E+00
 3.339125827097E+10 5.766563370161E+00
 3.347965821001E+10 5.698106724958E+00
 3.356800679974E+10 5.630463786783E+00
 3.365630412954E+10 5.563625840714E+00
 3.374455028853E+10 5.497584244997E+00
 3.383274536558E+10 5.432330425340E+00
 3.392088932954E+10 5.367855956296E+00
 3.400897983268E+10 5.304154130318E+00
 3.409701601251E+10 5.241217155916E+00
 3.418499796940E+10 5.179036583449E+00
 3.427292580342E+10 5.117604011344E+00
 3.436079961433E+10 5.056911085160E+00
 3.444861950158E+10 4.996949498154E+00
 3.453638556432E+10 4.937710993304E+00
 3.462409790140E+10 4.879187366647E+00
 3.471175661136E+10 4.821370471700E+00
 3.479936110907E+10 4.764252667637E+00
 3.488690864464E+10 4.707827748462E+00
 3.497439901493E+10 4.652087885002E+00
 3.506183233177E+10 4.597025122447E+00
 3.514920870663E+10 4.542631591318E+00
 3.523652825062E+10 4.488899510433E+00
 3.532379107448E+10 4.435821188405E+00
 3.541099728861E+10 4.383389023525E+00
 3.549814700302E+10 4.331595502002E+00
 3.558524026378E+10 4.280433231820E+00
 3.567227492269E+10 4.229896165712E+00
 3.575924997469E+10 4.179977618071E+00
 3.584616554208E+10 4.130670307073E+00
 3.593302174673E+10 4.081967014790E+00
 3.601981871012E+10 4.033860581379E+00
 3.610655655330E+10 3.986343900175E+00
 3.619323539692E+10 3.939409914123E+00
 3.627985536119E+10 3.893051613835E+00
 3.636641655058E+10 3.847262045559E+00
 3.645291693227E+10 3.802035415189E+00
 3.653935511150E+10 3.757365601401E+00
 3.662573122226E+10 3.713245728744E+00
 3.671204539807E+10 3.669668987168E+00
 3.679829777196E+10 3.626628638406E+00
 3.688448847650E+10 3.584118022290E+00
 3.697061764379E+10 3.542130562467E+00
 3.705668540543E+10 3.500659770986E+00
 3.714269170542E+10 3.459699339952E+00
 3.722863425619E+10 3.419244094160E+00
 3.731451245807E+10 3.379288116954E+00
 3.740032645541E+10 3.339825226058E+00
 3.748607639197E+10 3.300849326015E+00
 3.757176241103E+10 3.262354402759E+00
 3.765738465528E+10 3.224334517481E+00
 3.774294326693E+10 3.186783800357E+00
 3.782843838764E+10 3.149696444695E+00
 3.791386883829E+10 3.113067264787E+00
 3.799923323422E+10 3.076891189805E+00
 3.808453172630E+10 3.041162532452E+00
 3.816976446694E+10 3.005875657879E+00
 3.825493160794E+10 2.971024985575E+00
 3.834003330055E+10 2.936604991473E+00
 3.842506969543E+10 2.902610210765E+00
 3.851004094237E+10 2.869035241025E+00
 3.859494576540E+10 2.835875298188E+00
 3.867978297289E+10 2.803125606912E+00
 3.876455272611E+10 2.770780922933E+00
 3.884925518570E+10 2.738836070793E+00
 3.893389051168E+10 2.707285942529E+00
 3.901845886342E+10 2.676125495574E+00
 3.910296039965E+10 2.645349750291E+00
 3.918739493326E+10 2.614953911211E+00
 3.927176078976E+10 2.584933761996E+00
 3.935605786735E+10 2.555284564555E+00
 3.944028633397E+10 2.526001542601E+00
 3.952444635687E+10 2.497079981342E+00
 3.960853810264E+10 2.468515230160E+00
 3.969256173717E+10 2.440302705676E+00
 3.977651712049E+10 2.412437995207E+00
 3.986040291500E+10 2.384917143489E+00
 3.994421909049E+10 2.357735822612E+00
 4.002796582000E+10 2.330889706647E+00
 4.011164327588E+10 2.304374535306E+00
 4.019525162975E+10 2.278186107677E+00
 4.027879104228E+10 2.252320278082E+00
 4.036226067335E+10 2.226773249895E+00
 4.044566002923E+10 2.201541146908E+00
 4.052898928712E+10 2.176619919798E+00
 4.061224862348E+10 2.152005554989E+00
 4.069543821404E+10 2.127694077598E+00
 4.077855818570E+10 2.103681570811E+00
 4.086160761152E+10 2.079964467254E+00
 4.094458621215E+10 2.056539060496E+00
 4.102749416848E+10 2.033401571462E+00
 4.111033166063E+10 2.010548281878E+00
 4.119309886796E+10 1.987975529180E+00
 4.127579530326E+10 1.965679876186E+00
 4.135842044495E+10 1.943657923157E+00
 4.144097447695E+10 1.921906105444E+00
 4.152345758255E+10 1.900420884367E+00
 4.160586986165E+10 1.879198773433E+00
 4.168821058887E+10 1.858236537799E+00
 4.177047970036E+10 1.837530827853E+00
 4.185267738265E+10 1.817078306473E+00
 4.193480375159E+10 1.796875737688E+00
 4.201685836830E+10 1.776920094221E+00
 4.209884127279E+10 1.757208279184E+00
 4.218075264592E+10 1.737737182416E+00
 4.226259222075E+10 1.718503798665E+00
 4.234435991229E+10 1.699505078932E+00
 4.242605581166E+10 1.680737961720E+00
 4.250767966229E+10 1.662199519415E+00
 4.258923149280E+10 1.643886798251E+00
 4.267071117515E+10 1.625796905489E+00
 4.275211860886E+10 1.607927008267E+00
 4.283345369273E+10 1.590274241285E+00
 4.291471634371E+10 1.572835861710E+00
 4.299590657002E+10 1.555609093544E+00
 4.307702411739E+10 1.538591226385E+00
 4.315806915558E+10 1.521779514689E+00
 4.323904149974E+10 1.505171345570E+00
 4.331994093962E+10 1.488764150522E+00
 4.340076767169E+10 1.472555302419E+00
 4.348152177916E+10 1.456542217036E+00
 4.356220270512E+10 1.440722458917E+00
 4.364281050889E+10 1.425093501009E+00
 4.372334538895E+10 1.409652830237E+00
 4.380380752100E+10 1.394397983227E+00
 4.388419636831E+10 1.379326673717E+00
 4.396451177322E+10 1.364436579653E+00
 4.404475393663E+10 1.349725345259E+00
 4.412492305856E+10 1.335190644284E+00
 4.420501932031E+10 1.320830179514E+00
 4.428504209890E+10 1.306641819555E+00
 4.436499114991E+10 1.292623385095E+00
 4.444486667677E+10 1.278772642456E+00
 4.452466888195E+10 1.265087386648E+00
 4.460439796698E+10 1.251565443346E+00
 4.468405402387E+10 1.238204688306E+00
 4.476363619064E+10 1.225003186054E+00
 4.484314440329E+10 1.211958894921E+00
 4.492257886761E+10 1.199069758439E+00
 4.500193978844E+10 1.186333749400E+00
 4.508122736967E+10 1.173748868187E+00
 4.516044181425E+10 1.161313141331E+00
 4.523958272794E+10 1.149024712576E+00
 4.531864936867E+10 1.136881799287E+00
 4.539764193308E+10 1.124882495325E+00
 4.547656062900E+10 1.113024917980E+00
 4.555540566325E+10 1.101307210513E+00
 4.563417724174E+10 1.089727542859E+00
 4.571287556937E+10 1.078284112224E+00
 4.579150051690E+10 1.066975191085E+00
 4.587005110896E+10 1.055799197052E+00
 4.594852745237E+10 1.044754416154E+00
 4.602692975728E+10 1.033839146021E+00
 4.610525823284E+10 1.023051709904E+00
 4.618351308724E+10 1.012390455419E+00
 4.626169452768E+10 1.001853753204E+00
 4.633980276038E+10 9.914399956081E-01
 4.641783757779E+10 9.811476496893E-01
 4.649579799940E+10 9.709752999891E-01
 4.657368416327E+10 9.609213997443E-01
 4.665149628119E+10 9.509844111391E-01
 4.672923456394E+10 9.411628151779E-01
 4.680689922132E+10 9.314551119167E-01
 4.688449046211E+10 9.218598209074E-01
 4.696200849412E+10 9.123754817839E-01
 4.703945351958E+10 9.030006554688E-01
 4.711682476639E+10 8.937340401881E-01
 4.719412170652E+10 8.845743222818E-01
 4.727134455365E+10 8.755201202566E-01
 4.734849352044E+10 8.665700754027E-01
 4.742556881854E+10 8.577228518149E-01
 4.750257065858E+10 8.489771362006E-01
 4.757949925020E+10 8.403316374831E-01
 4.765635480202E+10 8.317850862222E-01
 4.773313752169E+10 8.233362338858E-01
 4.780984713962E+10 8.149839035969E-01
 4.788648279510E+10 8.067269987295E-01
 4.796304466147E+10 7.985643263811E-01
 4.803953295146E+10 7.904947067109E-01
 4.811594787679E+10 7.825169764929E-01
 4.819228964815E+10 7.746299883211E-01
 4.826855847525E+10 7.668326099080E-01
 4.834475456678E+10 7.591237234898E-01
 4.842087813043E+10 7.515022253403E-01
 4.849692937294E+10 7.439670253905E-01
 4.857290793106E+10 7.365171024452E-01
 4.864881294497E+10 7.291514940299E-01
 4.872464460304E+10 7.218691462764E-01
 4.880040311753E+10 7.146690159857E-01
 4.887608869967E+10 7.075500730427E-01
 4.895170155972E+10 7.005113003924E-01
 4.902724190687E+10 6.935516940240E-01
 4.910270994936E+10 6.866702629522E-01
 4.917810589442E+10 6.798660291864E-01
 4.925342994827E+10 6.731380276840E-01
 4.932868225824E+10 6.664853113799E-01
 4.940386179102E+10 6.599070484831E-01
 4.947896825841E+10 6.534023512087E-01
 4.955400187304E+10 6.469702998920E-01
 4.962896284649E+10 6.406099874414E-01
 4.970385138933E+10 6.343205191849E-01
 4.977866771112E+10 6.281010127080E-01
 4.985341202039E+10 6.219505976857E-01
 4.992808452469E+10 6.158684157108E-01
 5.000268543056E+10 6.098536201208E-01
 5.007721494357E+10 6.039053758222E-01
 5.015167326225E+10 5.980228595886E-01
 5.022605952010E+10 5.922053421855E-01
 5.030037313909E+10 5.864520797645E-01
 5.037461433159E+10 5.807622766233E-01
 5.044878330896E+10 5.751351478637E-01
 5.052288028153E+10 5.695699192019E-01
 5.059690545859E+10 5.640658267762E-01
 5.067085904844E+10 5.586221169537E-01
 5.074474125837E+10 5.532380461383E-01
 5.081855229467E+10 5.479128805803E-01
 5.089229236263E+10 5.426458961908E-01
 5.096596166657E+10 5.374363783640E-01
 5.103956030094E+10 5.322836293926E-01
 5.111308706600E+10 5.271870496200E-01
 5.118654174302E+10 5.221459775157E-01
 5.125992454362E+10 5.171597302087E-01
 5.133323567840E+10 5.122276337248E-01
 5.140647535690E+10 5.073490228880E-01
 5.147964378767E+10 5.025232412373E-01
 5.155274117823E+10 4.977496409579E-01
 5.162576773511E+10 4.930275828238E-01
 5.169872366382E+10 4.883564361489E-01
 5.177160916889E+10 4.837355787437E-01
 5.184442445388E+10 4.791643968731E-01
 5.191716971915E+10 4.746422853468E-01
 5.198984407943E+10 4.701687137716E-01
 5.206244683651E+10 4.657431460461E-01
 5.213497820162E+10 4.613649975273E-01
 5.220743838496E+10 4.570336918109E-01
 5.227982759569E+10 4.527486606195E-01
 5.235214604194E+10 4.485093436709E-01
 5.242439393085E+10 4.443151885278E-01
 5.249657146852E+10 4.401656504291E-01
 5.256867886006E+10 4.360601921069E-01
 5.264071630961E+10 4.319982835886E-01
 5.271268402029E+10 4.279794019917E-01
 5.278458219424E+10 4.240030313122E-01
 5.285641096903E+10 4.200686656818E-01
 5.292816914411E+10 4.161758777488E-01
 5.299985635442E+10 4.123241988066E-01
 5.307147281009E+10 4.085131346137E-01
 5.314301872020E+10 4.047421969425E-01
 5.321449429281E+10 4.010109034350E-01
 5.328589973497E+10 3.973187774841E-01
 5.335723525271E+10 3.936653481409E-01
 5.342850105104E+10 3.900501500505E-01
 5.349969733399E+10 3.864727234151E-01
 5.357082430458E+10 3.829326139838E-01
 5.364188216486E+10 3.794293730660E-01
 5.371287111589E+10 3.759625575670E-01
 5.378379135775E+10 3.725317300397E-01
 5.385464209641E+10 3.691365061192E-01
 5.392542245831E+10 3.657765091596E-01
 5.399613265228E+10 3.624513158023E-01
 5.406677288660E+10 3.591605086852E-01
 5.413734336850E+10 3.559036765277E-01
 5.420784430421E+10 3.526804141811E-01
 5.427827589893E+10 3.494903226612E-01
 5.434863835686E+10 3.463330091612E-01
 5.441893188120E+10 3.432080870403E-01
 5.448915667416E+10 3.401151757879E-01
 5.455931293694E+10 3.370539009607E-01
 5.462940086980E+10 3.340238940941E-01
 5.469942067200E+10 3.310247925873E-01
 5.476937246849E+10 3.280562426633E-01
 5.483925508359E+10 3.251179503917E-01
 5.490906820329E+10 3.222095893495E-01
 5.497881203449E+10 3.193308161262E-01
 5.504848678310E+10 3.164812923749E-01
 5.511809265399E+10 3.136606846040E-01
 5.518762985103E+10 3.108686639685E-01
 5.525709857708E+10 3.081049060647E-01
 5.532649903401E+10 3.053690907331E-01
 5.539583142269E+10 3.026609018724E-01
 5.546509594302E+10 2.999800272693E-01
 5.553429279391E+10 2.973261584455E-01
 5.560342217331E+10 2.946989905243E-01
 5.567248427820E+10 2.920982221183E-01
 5.574147927341E+10 2.895235563978E-01
 5.581040602083E+10 2.869747477461E-01
 5.587926401584E+10 2.844515289094E-01
 5.594805346376E+10 2.819536092920E-01
 5.601677456889E+10 2.794807015937E-01
 5.608542753453E+10 2.770325218086E-01
 5.615401256297E+10 2.746087892344E-01
 5.622252985549E+10 2.722092264905E-01
 5.629097961239E+10 2.698335595396E-01
 5.635936203299E+10 2.674815177118E-01
 5.642767731560E+10 2.651528337255E-01
 5.649592565761E+10 2.628472437055E-01
 5.656410725539E+10 2.605644871921E-01
 5.663222230439E+10 2.583043071423E-01
 5.670027099910E+10 2.560664499197E-01
 5.676825294667E+10 2.538506842997E-01
 5.683616678674E+10 2.516568128166E-01
 5.690401263972E+10 2.494845923179E-01
 5.697179070938E+10 2.473337801889E-01
 5.703950119847E+10 2.452041370454E-01
 5.710714430876E+10 2.430954266527E-01
 5.717472024097E+10 2.410074158382E-01
 5.724222919488E+10 2.389398743978E-01
 5.730967136923E+10 2.368925749992E-01
 5.737704696182E+10 2.348652930844E-01
 5.744435616945E+10 2.328578067732E-01
 5.751159918796E+10 2.308698967716E-01
 5.757877621223E+10 2.289013462841E-01
 5.764588743619E+10 2.269519409353E-01
 5.771293305282E+10 2.250214687002E-01
 5.777991211375E+10 2.231097522509E-01
 5.784682356630E+10 2.212166182854E-01
 5.791366761409E+10 2.193418593966E-01
 5.798044446043E+10 2.174852703904E-01
 5.804715430758E+10 2.156466482898E-01
 5.811379735681E+10 2.138257923302E-01
 5.818037380838E+10 2.120225039637E-01
 5.824688386155E+10 2.102365868710E-01
 5.831332771458E+10 2.084678469790E-01
 5.837970556476E+10 2.067160924834E-01
 5.844601760839E+10 2.049811338722E-01
 5.851226404081E+10 2.032627839508E-01
 5.857844505638E+10 2.015608578644E-01
 5.864456084851E+10 1.998751731175E-01
 5.871061160966E+10 1.982055495879E-01
 5.877659633176E+10 1.965518394702E-01
 5.884251389918E+10 1.949138989569E-01
 5.890836451586E+10 1.932915531351E-01
 5.897414838537E+10 1.916846294757E-01
 5.903986571028E+10 1.900929578228E-01
 5.910551669212E+10 1.885163703574E-01
 5.917110153140E+10 1.869547015510E-01
 5.923662042765E+10 1.854077881130E-01
 5.930207357937E+10 1.838754689305E-01
 5.936746118408E+10 1.823575850025E-01
 5.943278343831E+10 1.808539793709E-01
 5.949804053760E+10 1.793644970478E-01
 5.956323267654E+10 1.778889849433E-01
 5.962836004872E+10 1.764272917926E-01
 5.969342284682E+10 1.749792680865E-01
 5.975842047730E+10 1.735447832616E-01
 5.982335140422E+10 1.721237283271E-01
 5.988821577011E+10 1.707159583224E-01
 5.995301377927E+10 1.693213284629E-01
 6.001774563492E+10 1.679396954898E-01
 6.008241153927E+10 1.665709176380E-01
 6.014701169349E+10 1.652148546122E-01
 6.021154629772E+10 1.638713675705E-01
 6.027601555111E+10 1.625403191172E-01
 6.034041965179E+10 1.612215733017E-01
 6.040475879688E+10 1.599149956246E-01
 6.046903318253E+10 1.586204530489E-01
 6.053324300389E+10 1.573378140153E-01
 6.059738845515E+10 1.560669484615E-01
 6.066146972949E+10 1.548077278421E-01
 6.072548676458E+10 1.535600300916E-01
 6.078943781369E+10 1.523237669522E-01
 6.085332267732E+10 1.510988209690E-01
 6.091714156054E+10 1.498850683770E-01
 6.098089466738E+10 1.486823870499E-01
 6.104458220078E+10 1.474906565062E-01
 6.110820436268E+10 1.463097579095E-01
 6.117176135395E+10 1.451395740638E-01
 6.123525337447E+10 1.439799894021E-01
 6.129868062308E+10 1.428308899702E-01
 6.136204329759E+10 1.416921634042E-01
 6.142534159484E+10 1.405636989030E-01
 6.148857571066E+10 1.394453871967E-01
 6.155174583987E+10 1.383371205101E-01
 6.161485217633E+10 1.372387925239E-01
 6.167789491222E+10 1.361502983452E-01
 6.174087292461E+10 1.350715568732E-01
 6.180378521645E+10 1.340024854777E-01
 6.186663199305E+10 1.329429819830E-01
 6.192941345867E+10 1.318929454878E-01
 6.199212981651E+10 1.308522763250E-01
 6.205478126869E+10 1.298208760256E-01
 6.211736801633E+10 1.287986472846E-01
 6.217989025948E+10 1.277854939318E-01
 6.224234819718E+10 1.267813209064E-01
 6.230474202744E+10 1.257860342351E-01
 6.236707194725E+10 1.247995410153E-01
 6.242933815261E+10 1.238217494018E-01
 6.249154083850E+10 1.228525685974E-01
 6.255368019892E+10 1.218919088463E-01
 6.261575642690E+10 1.209396814314E-01
 6.267776929005E+10 1.199958051071E-01
 6.273971715316E+10 1.190602205564E-01
 6.280160001001E+10 1.181328443234E-01
 6.286341806481E+10 1.172135907855E-01
 6.292517152073E+10 1.163023753872E-01
 6.298686057986E+10 1.153991146396E-01
 6.304848544322E+10 1.145037261195E-01
 6.311004631082E+10 1.136161284664E-01
 6.317154338163E+10 1.127362413773E-01
 6.323297685357E+10 1.118639855997E-01
 6.329434692355E+10 1.109992829209E-01
 6.335565378746E+10 1.101420561564E-01
 6.341689764021E+10 1.092922291343E-01
 6.347807867568E+10 1.084497266785E-01
 6.353919708676E+10 1.076144745894E-01
 6.360025301976E+10 1.067864002389E-01
 6.366124512586E+10 1.059654519488E-01
 6.372217285266E+10 1.051515677150E-01
 6.378303640363E+10 1.043446761356E-01
 6.384383598111E+10 1.035447066906E-01
 6.390457178641E+10 1.027515897178E-01
 6.396524401978E+10 1.019652563901E-01
 6.402585288043E+10 1.011856386931E-01
 6.408639856653E+10 1.004126694046E-01
 6.414688127520E+10 9.964628207539E-02
 6.420730120256E+10 9.888641101230E-02
 6.426765854371E+10 9.813299126256E-02
 6.432795349274E+10 9.738595860048E-02
 6.438818624274E+10 9.664524951579E-02
 6.444835698579E+10 9.591080120374E-02
 6.450846591300E+10 9.518255155670E-02
 6.456851226392E+10 9.446045054638E-02
 6.462849497411E+10 9.374445209490E-02
 6.468841423940E+10 9.303449547953E-02
 6.474827026068E+10 9.233052059405E-02
 6.480806323780E+10 9.163246801827E-02
 6.486779336953E+10 9.094027901337E-02
 6.492746085363E+10 9.025389551712E-02
 6.498706588680E+10 8.957326013858E-02
 6.504660866474E+10 8.889831615247E-02
 6.510608938209E+10 8.822900749280E-02
 6.516550823251E+10 8.756527874599E-02
 6.522486540866E+10 8.690707514334E-02
 6.528416110216E+10 8.625434255297E-02
 6.534339550370E+10 8.560702747141E-02
 6.540256880293E+10 8.496507701483E-02
 6.546168035102E+10 8.432844789780E-02
 6.552072886134E+10 8.369710396089E-02
 6.557971450688E+10 8.307099374057E-02
 6.563863748799E+10 8.245006606660E-02
 6.569749800396E+10 8.183427036201E-02
 6.575629625304E+10 8.122355663619E-02
 6.581503243242E+10 8.061787547899E-02
 6.587370673825E+10 8.001717805567E-02
 6.593231936566E+10 7.942141610268E-02
 6.599087050876E+10 7.883054192437E-02
 6.604936036062E+10 7.824450839032E-02
 6.610778911332E+10 7.766326893323E-02
 6.616615695794E+10 7.708677754706E-02
 6.622446408456E+10 7.651498878528E-02
 6.628271068131E+10 7.594785776819E-02
 6.634089573694E+10 7.538535171500E-02
 6.639901837843E+10 7.482743673734E-02
 6.645707880620E+10 7.427406900674E-02
 6.651507721960E+10 7.372520524819E-02
 6.657301381692E+10 7.318080273228E-02
 6.663088879539E+10 7.264081926563E-02
 6.668870235120E+10 7.210521317945E-02
 6.674645467950E+10 7.157394331615E-02
 6.680414597441E+10 7.104696901425E-02
 6.686177642902E+10 7.052425009147E-02
 6.691934623542E+10 7.000574682650E-02
 6.697685558467E+10 6.949141993946E-02
 6.703430466684E+10 6.898123057164E-02
 6.709169367100E+10 6.847514026479E-02
 6.714902247037E+10 6.797311368822E-02
 6.720628973977E+10 6.747512617017E-02
 6.726349547812E+10 6.698114161314E-02
 6.732063988331E+10 6.649112249424E-02
 6.737772315221E+10 6.600503160750E-02
 6.743474548061E+10 6.552283205025E-02
 6.749170706327E+10 6.504448721205E-02
 6.754860809393E+10 6.456996076651E-02
 6.760544876527E+10 6.409921666603E-02
 6.766222926897E+10 6.363221913949E-02
 6.771894979570E+10 6.316893269289E-02
 6.777561053512E+10 6.270932211273E-02
 6.783221167589E+10 6.225335247175E-02
 6.788875340567E+10 6.180098913686E-02
 6.794523566287E+10 6.135219974466E-02
 6.800165718700E+10 6.090696161294E-02
 6.805801793912E+10 6.046524252647E-02
 6.811431811518E+10 6.002700873422E-02
 6.817055791009E+10 5.959222684126E-02
 6.822673751769E+10 5.916086381836E-02
 6.828285713082E+10 5.873288701015E-02
 6.833891694128E+10 5.830826414153E-02
 6.839491713983E+10 5.788696332193E-02
 6.845085791623E+10 5.746895304726E-02
 6.850673945926E+10 5.705420219964E-02
 6.856256195667E+10 5.664268004467E-02
 6.861832559523E+10 5.623435622676E-02
 6.867403056074E+10 5.582920076247E-02
 6.872967621788E+10 5.542718993746E-02
 6.878526179897E+10 5.502830117415E-02
 6.884078749675E+10 5.463250523025E-02
 6.889625350433E+10 5.423977319511E-02
 6.895166001380E+10 5.385007649046E-02
 6.900700721623E+10 5.346338686149E-02
 6.906229530165E+10 5.307967636922E-02
 6.911752445908E+10 5.269891738428E-02
 6.917269487656E+10 5.232108258241E-02
 6.922780674111E+10 5.194614494177E-02
 6.928286023876E+10 5.157407774193E-02
 6.933785555456E+10 5.120485456442E-02
 6.939279287258E+10 5.083844929463E-02
 6.944767159142E+10 5.047484130530E-02
 6.950249110864E+10 5.011401014366E-02
 6.955725161539E+10 4.975593035780E-02
 6.961195330185E+10 4.940057681668E-02
 6.966659635714E+10 4.904792471155E-02
 6.972118096940E+10 4.869794955568E-02
 6.977570732574E+10 4.835062718237E-02
 6.983017561229E+10 4.800593374066E-02
 6.988458601418E+10 4.766384568892E-02
 6.993893871558E+10 4.732433978623E-02
 6.999323389966E+10 4.698739308181E-02
 7.004747174863E+10 4.665298290292E-02
 7.010165210313E+10 4.632108892150E-02
 7.015577416774E+10 4.599169485986E-02
 7.020983806915E+10 4.566477896291E-02
 7.026384399447E+10 4.534031932829E-02
 7.031779212981E+10 4.501829427368E-02
 7.037168266031E+10 4.469868232891E-02
 7.042551577009E+10 4.438146223116E-02
 7.047929164231E+10 4.406661292344E-02
 7.053301045915E+10 4.375411355663E-02
 7.058667240184E+10 4.344394349480E-02
 7.064027765063E+10 4.313608232342E-02
 7.069382637066E+10 4.283050994069E-02
 7.074731798049E+10 4.252721070084E-02
 7.080075223070E+10 4.222616723505E-02
 7.085412930544E+10 4.192735995798E-02
 7.090744938783E+10 4.163076956463E-02
 7.096071266006E+10 4.133637703636E-02
 7.101391930331E+10 4.104416364270E-02
 7.106706949784E+10 4.075411093827E-02
 7.112016342292E+10 4.046620075431E-02
 7.117320125689E+10 4.018041518486E-02
 7.122618317715E+10 3.989673656815E-02
 7.127910926305E+10 3.961514797923E-02
 7.133197890776E+10 3.933563628802E-02
 7.138479212081E+10 3.905818519909E-02
 7.143754908250E+10 3.878277764911E-02
 7.149024997218E+10 3.850939670237E-02
 7.154289496828E+10 3.823802553462E-02
 7.159548424824E+10 3.796864742387E-02
 7.164801798860E+10 3.770124574926E-02
 7.170049636495E+10 3.743580399846E-02
 7.175291955196E+10 3.717230578341E-02
 7.180528755360E+10 3.691073570846E-02
 7.185759986253E+10 3.665108105690E-02
 7.190985658470E+10 3.639332621268E-02
 7.196205789694E+10 3.613745543530E-02
 7.201420397514E+10 3.588345324324E-02
 7.206629499424E+10 3.563130442902E-02
 7.211833112829E+10 3.538099406272E-02
 7.217031255041E+10 3.513250748207E-02
 7.222223943282E+10 3.488583026854E-02
 7.227411171796E+10 3.464094928781E-02
 7.232592902747E+10 3.439785303592E-02
 7.237769151159E+10 3.415652759494E-02
 7.242939934397E+10 3.391695899569E-02
 7.248105269737E+10 3.367913329427E-02
 7.253265174360E+10 3.344303655014E-02
 7.258419665362E+10 3.320865482709E-02
 7.263568759745E+10 3.297597422035E-02
 7.268712443464E+10 3.274498229553E-02
 7.273850694524E+10 3.251566709117E-02
 7.278983529976E+10 3.228801511430E-02
 7.284110966905E+10 3.206201318732E-02
 7.289233022310E+10 3.183764850984E-02
 7.294349713101E+10 3.161490867409E-02
 7.299461054651E+10 3.139378168812E-02
 7.304567023716E+10 3.117425746423E-02
 7.309667619142E+10 3.095632503095E-02
 7.314762857859E+10 3.073997255454E-02
 7.319852756708E+10 3.052518796448E-02
 7.324937332444E+10 3.031195885894E-02
 7.330016591237E+10 3.010027296874E-02
 7.335090513530E+10 2.989011895259E-02
 7.340159113048E+10 2.968148426602E-02
 7.345222406509E+10 2.947435680868E-02
 7.350280409168E+10 2.926872533457E-02
 7.355333111180E+10 2.906458022559E-02
 7.360380519074E+10 2.886191100430E-02
 7.365422649280E+10 2.866070531468E-02
 7.370459502402E+10 2.846094920657E-02
 7.375491084400E+10 2.826262920296E-02
 7.380517402989E+10 2.806573846719E-02
 7.385538460821E+10 2.787026350868E-02
 7.390554264659E+10 2.767619338908E-02
 7.395564820335E+10 2.748351708984E-02
 7.400570137812E+10 2.729222340202E-02
 7.405570215602E+10 2.710230165682E-02
 7.410565069032E+10 2.691374071258E-02
 7.415554706333E+10 2.672652983924E-02
 7.420539120361E+10 2.654065897035E-02
 7.425518326001E+10 2.635611728138E-02
 7.430492339546E+10 2.617289397911E-02
 7.435461162836E+10 2.599097890215E-02
 7.440424786607E+10 2.581036239961E-02
 7.445383226653E+10 2.563103401947E-02
 7.450336499183E+10 2.545298341208E-02
 7.455284619848E+10 2.527620035105E-02
 7.460227575451E+10 2.510067572098E-02
 7.465165364823E+10 2.492640004101E-02
 7.470098004129E+10 2.475336329344E-02
 7.475025509450E+10 2.458155555614E-02
 7.479947896782E+10 2.441096701485E-02
 7.484865172451E+10 2.424158830499E-02
 7.489777313103E+10 2.407341119334E-02
 7.494684330572E+10 2.390642634987E-02
 7.499586240855E+10 2.374062442638E-02
 7.504483059863E+10 2.357599619263E-02
 7.509374803430E+10 2.341253252123E-02
 7.514261485736E+10 2.325022442232E-02
 7.519143082473E+10 2.308906423820E-02
 7.524019592020E+10 2.292904359003E-02
 7.528891030250E+10 2.277015356107E-02
 7.533757412950E+10 2.261238527875E-02
 7.538618755827E+10 2.245572991674E-02
 7.543475074509E+10 2.230017870164E-02
 7.548326384489E+10 2.214572292472E-02
 7.553172666694E+10 2.199235504011E-02
 7.558013907198E+10 2.184006739837E-02
 7.562850121704E+10 2.168885149898E-02
 7.567681325834E+10 2.153869894660E-02
 7.572507535126E+10 2.138960145515E-02
 7.577328765042E+10 2.124155084809E-02
 7.582145030961E+10 2.109453905510E-02
 7.586956348126E+10 2.094855810754E-02
 7.591762694870E+10 2.080360123551E-02
 7.596564055243E+10 2.065966155069E-02
 7.601360444734E+10 2.051673127786E-02
 7.606151878750E+10 2.037480270455E-02
 7.610938372618E+10 2.023386817315E-02
 7.615719941587E+10 2.009392007505E-02
 7.620496600828E+10 1.995495084731E-02
 7.625268365434E+10 1.981695297173E-02
 7.630035248161E+10 1.967991904127E-02
 7.634797214056E+10 1.954384305420E-02
 7.639554257880E+10 1.940871818648E-02
 7.644306394863E+10 1.927453708370E-02
 7.649053640159E+10 1.914129246027E-02
 7.653796008843E+10 1.900897710580E-02
 7.658533515912E+10 1.887758389082E-02
 7.663266176287E+10 1.874710577140E-02
 7.667994004814E+10 1.861753579227E-02
 7.672717016260E+10 1.848886708838E-02
 7.677435207390E+10 1.836109336893E-02
 7.682148537133E+10 1.823420943341E-02
 7.686857016482E+10 1.810820874018E-02
 7.691560660380E+10 1.798308472002E-02
 7.696259483693E+10 1.785883088046E-02
 7.700953501214E+10 1.773544080016E-02
 7.705642727658E+10 1.761290812312E-02
 7.710327177665E+10 1.749122655309E-02
 7.715006865801E+10 1.737038984841E-02
 7.719681806559E+10 1.725039181746E-02
 7.724352009349E+10 1.713122644244E-02
 7.729017428467E+10 1.701288913821E-02
 7.733678061031E+10 1.689537424709E-02
 7.738333921745E+10 1.677867570136E-02
 7.742985025236E+10 1.666278747516E-02
 7.747631386056E+10 1.654770358525E-02
 7.752273018684E+10 1.643341809226E-02
 7.756909937525E+10 1.631992510245E-02
 7.761542156912E+10 1.620721876963E-02
 7.766169691103E+10 1.609529329719E-02
 7.770792554287E+10 1.598414294005E-02
 7.775410757251E+10 1.587376208568E-02
 7.780024253363E+10 1.576414653289E-02
 7.784633034359E+10 1.565529119681E-02
 7.789237114669E+10 1.554719050387E-02
 7.793836508645E+10 1.543983893756E-02
 7.798431230569E+10 1.533323103801E-02
 7.803021294649E+10 1.522736140118E-02
 7.807606715023E+10 1.512222467768E-02
 7.812187505756E+10 1.501781557128E-02
 7.816763680843E+10 1.491412883718E-02
 7.821335254207E+10 1.481115928015E-02
 7.825902239703E+10 1.470890175257E-02
 7.830464640250E+10 1.460735139359E-02
 7.835022401542E+10 1.450650464130E-02
 7.839575525860E+10 1.440635669775E-02
 7.844124027329E+10 1.430690254007E-02
 7.848667920000E+10 1.420813718491E-02
 7.853207217856E+10 1.411005568712E-02
 7.857741934806E+10 1.401265313857E-02
 7.862272084692E+10 1.391592466722E-02
 7.866797681285E+10 1.381986543626E-02
 7.871318738286E+10 1.372447064343E-02
 7.875835269331E+10 1.362973552046E-02
 7.880347287983E+10 1.353565533256E-02
 7.884854807736E+10 1.344222537811E-02
 7.889357793021E+10 1.334944199475E-02
 7.893856210332E+10 1.325730148498E-02
 7.898350073543E+10 1.316579919765E-02
 7.902839396458E+10 1.307493051388E-02
 7.907324192811E+10 1.298469084675E-02
 7.911804476266E+10 1.289507564083E-02
 7.916280260420E+10 1.280608037177E-02
 7.920751558801E+10 1.271770054587E-02
 7.925218384869E+10 1.262993169974E-02
 7.929680752017E+10 1.254276939985E-02
 7.934138673572E+10 1.245620924228E-02
 7.938592162793E+10 1.237024685244E-02
 7.943041232877E+10 1.228487788487E-02
 7.947485859172E+10 1.220009874167E-02
 7.951925993111E+10 1.211590628794E-02
 7.956361647393E+10 1.203229623790E-02
 7.960792835549E+10 1.194926431863E-02
 7.965219571042E+10 1.186680628766E-02
 7.969641867270E+10 1.178491793324E-02
 7.974059737559E+10 1.170359507488E-02
 7.978473195173E+10 1.162283356380E-02
 7.982882253307E+10 1.154262928346E-02
 7.987286925092E+10 1.146297815018E-02
 7.991687223594E+10 1.138387611361E-02
 7.996083161812E+10 1.130531915735E-02
 8.000474752683E+10 1.122730329937E-02
 8.004862008636E+10 1.114982460028E-02
 8.009244881333E+10 1.107288021813E-02
 8.013623340772E+10 1.099646700096E-02
 8.017997400257E+10 1.092058106476E-02
 8.022367073026E+10 1.084521856167E-02
 8.026732372252E+10 1.077037567986E-02
 8.031093311039E+10 1.069604864323E-02
 8.035449902429E+10 1.062223371099E-02
 8.039802159398E+10 1.054892717714E-02
 8.044150094857E+10 1.047612536981E-02
 8.048493721653E+10 1.040382465049E-02
 8.052833052571E+10 1.033202141326E-02
 8.057168100331E+10 1.026071208381E-02
 8.061498877591E+10 1.018989311857E-02
 8.065825396947E+10 1.011956100366E-02
 8.070147642067E+10 1.004971271910E-02
 8.074465547753E+10 9.980346043358E-03
 8.078779122724E+10 9.911457574578E-03
 8.083088379986E+10 9.843043866982E-03
 8.087393332477E+10 9.775101500559E-03
 8.091693993073E+10 9.707627080286E-03
 8.095990374585E+10 9.640617235426E-03
 8.100282489760E+10 9.574068618933E-03
 8.104570351284E+10 9.507977906936E-03
 8.108853971776E+10 9.442341798331E-03
 8.113133363797E+10 9.377157014468E-03
 8.117408539845E+10 9.312420298932E-03
 8.121679512354E+10 9.248128417413E-03
 8.125946293700E+10 9.184278157661E-03
 8.130208896198E+10 9.120866329509E-03
 8.134467295951E+10 9.057890298007E-03
 8.138721428386E+10 8.995348033319E-03
 8.142971303764E+10 8.933236410396E-03
 8.147216934839E+10 8.871552289621E-03
 8.151458334302E+10 8.810292554968E-03
 8.155695514780E+10 8.749454114223E-03
 8.159928488840E+10 8.689033899200E-03
 8.164157268982E+10 8.629028865937E-03
 8.168381867650E+10 8.569435994863E-03
 8.172602297221E+10 8.510252290940E-03
 8.176818570016E+10 8.451474783750E-03
 8.181030698291E+10 8.393100527550E-03
 8.185238694245E+10 8.335126601266E-03
 8.189442570017E+10 8.277550108443E-03
 8.193642337684E+10 8.220368177135E-03
 8.197838002435E+10 8.163578051958E-03
 8.202029491650E+10 8.107178042586E-03
 8.206216792541E+10 8.051165657143E-03
 8.210399917638E+10 7.995538083387E-03
 8.214578879410E+10 7.940292532917E-03
 8.218753690261E+10 7.885426240792E-03
 8.222924362538E+10 7.830936465121E-03
 8.227090908524E+10 7.776820486627E-03
 8.231253340441E+10 7.723075608208E-03
 8.235411670453E+10 7.669699154479E-03
 8.239565910663E+10 7.616688471324E-03
 8.243716073113E+10 7.564040925447E-03
 8.247862169789E+10 7.511753903942E-03
 8.252004212616E+10 7.459824813875E-03
 8.256142213462E+10 7.408251081895E-03
 8.260276184137E+10 7.357030153871E-03
 8.264406125913E+10 7.306159623283E-03
 8.268531962730E+10 7.255638042621E-03
 8.272653687049E+10 7.205463125225E-03
 8.276771311143E+10 7.155632357604E-03
 8.280884847225E+10 7.106143244753E-03
 8.284994307447E+10 7.056993310010E-03
 8.289099703899E+10 7.008180094944E-03
 8.293201048615E+10 6.959701159282E-03
 8.297298353566E+10 6.911554080873E-03
 8.301391630666E+10 6.863736455680E-03
 8.305480891772E+10 6.816245897802E-03
 8.309566148680E+10 6.769080039523E-03
 8.313647413130E+10 6.722236531371E-03
 8.317724696804E+10 6.675713042200E-03
 8.321798011329E+10 6.629507259282E-03
 8.325867368273E+10 6.583616888394E-03
 8.329932778796E+10 6.538039657858E-03
 8.333994185352E+10 6.492774077478E-03
 8.338051548249E+10 6.447818459985E-03
 8.342104879542E+10 6.403170554948E-03
 8.346154191224E+10 6.358828131307E-03
 8.350199495230E+10 6.314788977373E-03
 8.354240803436E+10 6.271050900802E-03
 8.358278127660E+10 6.227611728544E-03
 8.362311479661E+10 6.184469306753E-03
 8.366340871140E+10 6.141621500662E-03
 8.370366313741E+10 6.099066194428E-03
 8.374387819052E+10 6.056801290940E-03
 8.378405398603E+10 6.014824711591E-03
 8.382419063869E+10 5.973134396021E-03
 8.386428826269E+10 5.931728301824E-03
 8.390434697165E+10 5.890604404239E-03
 8.394436687866E+10 5.849760695806E-03
 8.398434801558E+10 5.809195267630E-03
 8.402428959092E+10 5.768907052982E-03
 8.406419146963E+10 5.728894323206E-03
 8.410405376983E+10 5.689155107701E-03
 8.414387660908E+10 5.649687451756E-03
 8.418366010432E+10 5.610489416162E-03
 8.422340437194E+10 5.571559076839E-03
 8.426310952775E+10 5.532894524476E-03
 8.430277568699E+10 5.494493864198E-03
 8.434240296434E+10 5.456355215256E-03
 8.438199147391E+10 5.418476710745E-03
 8.442154132927E+10 5.380856497357E-03
 8.446105264341E+10 5.343492735171E-03
 8.450052552880E+10 5.306383597474E-03
 8.453996009734E+10 5.269527270627E-03
 8.457935646041E+10 5.232921953958E-03
 8.461871472882E+10 5.196565859705E-03
 8.465803494516E+10 5.160457274985E-03
 8.469731633060E+10 5.124595245577E-03
 8.473655872494E+10 5.088978250938E-03
 8.477576224408E+10 5.053604529142E-03
 8.481492700331E+10 5.018472331735E-03
 8.485405311737E+10 4.983579923828E-03
 8.489314070044E+10 4.948925584191E-03
 8.493218986612E+10 4.914507605360E-03
 8.497120072747E+10 4.880324293738E-03
 8.501017339700E+10 4.846373969692E-03
 8.504910798664E+10 4.812654967636E-03
 8.508800460781E+10 4.779165636106E-03
 8.512686337137E+10 4.745904337800E-03
 8.516568438764E+10 4.712869449602E-03
 8.520446776641E+10 4.680059362573E-03
 8.524321361695E+10 4.647472481912E-03
 8.528192204797E+10 4.615107226880E-03
 8.532059316627E+10 4.582962031873E-03
 8.535922641902E+10 4.551035888120E-03
 8.539782137096E+10 4.519327691049E-03
 8.543637813577E+10 4.487835891744E-03
 8.547489682659E+10 4.456558954822E-03
 8.551337755597E+10 4.425495358147E-03
 8.555182043594E+10 4.394643592522E-03
 8.559022557796E+10 4.364002161356E-03
 8.562859309295E+10 4.333569580322E-03
 8.566692309130E+10 4.303344376994E-03
 8.570521568283E+10 4.273325090486E-03
 8.574347097686E+10 4.243510271094E-03
 8.578168908215E+10 4.213898479935E-03
 8.581987010696E+10 4.184488288608E-03
 8.585801415899E+10 4.155278278864E-03
 8.589612134547E+10 4.126267042308E-03
 8.593419177306E+10 4.097453180122E-03
 8.597222554793E+10 4.068835302819E-03
 8.601022256973E+10 4.040412183704E-03
 8.604818202925E+10 4.012183126649E-03
 8.608610392834E+10 3.984146830297E-03
 8.612398837828E+10 3.956301919863E-03
 8.616183548980E+10 3.928647029583E-03
 8.619964537308E+10 3.901180802703E-03
 8.623741813776E+10 3.873901891502E-03
 8.627515389296E+10 3.846808957342E-03
 8.631285274723E+10 3.819900670765E-03
 8.635051480863E+10 3.793175711603E-03
 8.638814018467E+10 3.766632769124E-03
 8.642572898234E+10 3.740270542182E-03
 8.646328130813E+10 3.714087739393E-03
 8.650079726797E+10 3.688083079310E-03
 8.653827696734E+10 3.662255290597E-03
 8.657572051115E+10 3.636603112204E-03
 8.661312800385E+10 3.611125293528E-03
 8.665049954937E+10 3.585820594553E-03
 8.668783465109E+10 3.560688188727E-03
 8.672513279043E+10 3.535727265206E-03
 8.676239407691E+10 3.510936597456E-03
 8.679961861953E+10 3.486314970115E-03
 8.683680652680E+10 3.461861179028E-03
 8.687395790666E+10 3.437574031198E-03
 8.691107286653E+10 3.413452344705E-03
 8.694815151332E+10 3.389494948578E-03
 8.698519395340E+10 3.365700682636E-03
 8.702220029264E+10 3.342068397286E-03
 8.705917063638E+10 3.318596953292E-03
 8.709610508944E+10 3.295285221517E-03
 8.713300375616E+10 3.272132082628E-03
 8.716986674036E+10 3.249136426789E-03
 8.720669414535E+10 3.226297153333E-03
 8.724348607396E+10 3.203613170417E-03
 8.728024262851E+10 3.181083394681E-03
 8.731696383928E+10 3.158706794383E-03
 8.735364898412E+10 3.136482798724E-03
 8.739029793495E+10 3.114410475724E-03
 8.742691079869E+10 3.092488756853E-03
 8.746348768173E+10 3.070716580666E-03
 8.750002868995E+10 3.049092892529E-03
 8.753653392869E+10 3.027616644363E-03
 8.757300350279E+10 3.006286794426E-03
 8.760943751658E+10 2.985102307119E-03
 8.764583607388E+10 2.964062152839E-03
 8.768219927800E+10 2.943165307854E-03
 8.771852723176E+10 2.922410754228E-03
 8.775482003747E+10 2.901797479770E-03
 8.779107779695E+10 2.881324478024E-03
 8.782730061154E+10 2.860990748287E-03
 8.786348858208E+10 2.840795295667E-03
 8.789964180893E+10 2.820737131153E-03
 8.793576039197E+10 2.800815271723E-03
 8.797184412489E+10 2.781028907609E-03
 8.800789237495E+10 2.761377462920E-03
 8.804390521452E+10 2.741859977623E-03
 8.807988274776E+10 2.722475480719E-03
 8.811582507830E+10 2.703223008155E-03
 8.815173230927E+10 2.684101602988E-03
 8.818760454331E+10 2.665110315539E-03
 8.822344188254E+10 2.646248203544E-03
 8.825924442861E+10 2.627514332298E-03
 8.829501228264E+10 2.608907774781E-03
 8.833074554529E+10 2.590427611771E-03
 8.836644431674E+10 2.572072931943E-03
 8.840210869665E+10 2.553842831951E-03
 8.843773878425E+10 2.535736416486E-03
 8.847333467826E+10 2.517752798327E-03
 8.850889647694E+10 2.499891098360E-03
 8.854442427806E+10 2.482150445599E-03
 8.857991814213E+10 2.464529995404E-03
 8.861537746067E+10 2.447029239781E-03
 8.865080206472E+10 2.429647455468E-03
 8.868619205605E+10 2.412383792389E-03
 8.872154753591E+10 2.395237408639E-03
 8.875686860507E+10 2.378207470424E-03
 8.879215536381E+10 2.361293152002E-03
 8.882740791193E+10 2.344493635620E-03
 8.886262634872E+10 2.327808111459E-03
 8.889781077303E+10 2.311235777566E-03
 8.893296128320E+10 2.294775839808E-03
 8.896807797712E+10 2.278427511813E-03
 8.900316095220E+10 2.262190014931E-03
 8.903821030537E+10 2.246062578186E-03
 8.907322613313E+10 2.230044438244E-03
 8.910820853148E+10 2.214134839376E-03
 8.914315759600E+10 2.198333033436E-03
 8.917807342178E+10 2.182638279828E-03
 8.921295568147E+10 2.167050033522E-03
 8.924780402509E+10 2.151567762424E-03
 8.928261855126E+10 2.136190739576E-03
 8.931739935825E+10 2.120918245550E-03
 8.935214654385E+10 2.105749568435E-03
 8.938686020538E+10 2.090684003787E-03
 8.942154043967E+10 2.075720854553E-03
 8.945618734310E+10 2.060859430993E-03
 8.949080101160E+10 2.046099050578E-03
 8.952538154063E+10 2.031439037877E-03
 8.955992902517E+10 2.016878724423E-03
 8.959444355979E+10 2.002417448564E-03
 8.962892523859E+10 1.988054555291E-03
 8.966337415521E+10 1.973789396056E-03
 8.969779040286E+10 1.959621328564E-03
 8.973217407432E+10 1.945549716559E-03
 8.976652526190E+10 1.931573929584E-03
 8.980084368199E+10 1.917693494178E-03
 8.983512904096E+10 1.903907942456E-03
 8.986938143416E+10 1.890216652785E-03
 8.990360095648E+10 1.876619008411E-03
 8.993778770239E+10 1.863114397203E-03
 8.997194176589E+10 1.849702211399E-03
 9.000606324053E+10 1.836381847344E-03
 9.004015221941E+10 1.823152705250E-03
 9.007420879522E+10 1.810014188968E-03
 9.010823306016E+10 1.796965705773E-03
 9.014222510604E+10 1.784006666174E-03
 9.017618502420E+10 1.771136483736E-03
 9.021011290558E+10 1.758354574941E-03
 9.024400884067E+10 1.745660359061E-03
 9.027787291954E+10 1.733053258065E-03
 9.031170523183E+10 1.720532696549E-03
 9.034550580999E+10 1.708098122531E-03
 9.037927417178E+10 1.695749173597E-03
 9.041301026133E+10 1.683485330295E-03
 9.044671417098E+10 1.671306021034E-03
 9.048038599266E+10 1.659210676996E-03
 9.051402581782E+10 1.647198732206E-03
 9.054763373753E+10 1.635269623623E-03
 9.058120984237E+10 1.623422791238E-03
 9.061475422254E+10 1.611657678189E-03
 9.064826696780E+10 1.599973730869E-03
 9.068174816747E+10 1.588370399055E-03
 9.071519791047E+10 1.576847136015E-03
 9.074861628530E+10 1.565403398632E-03
 9.078200338004E+10 1.554038647499E-03
 9.081535928236E+10 1.542752347023E-03
 9.084868407953E+10 1.531543965501E-03
 9.088197783293E+10 1.520412983682E-03
 9.091524007506E+10 1.509359061224E-03
 9.094847066995E+10 1.498381748112E-03
 9.098166970776E+10 1.487480522515E-03
 9.101483727822E+10 1.476654866751E-03
 9.104797347065E+10 1.465904267265E-03
 9.108107837392E+10 1.455228214579E-03
 9.111415207652E+10 1.444626203239E-03
 9.114719466649E+10 1.434097731739E-03
 9.118020623146E+10 1.423642302428E-03
 9.121318685867E+10 1.413259421419E-03
 9.124613663494E+10 1.402948598478E-03
 9.127905564669E+10 1.392709346910E-03
 9.131194397991E+10 1.382541183450E-03
 9.134480172023E+10 1.372443628142E-03
 9.137762895287E+10 1.362416204229E-03
 9.141042556734E+10 1.352458497164E-03
 9.144319107319E+10 1.342570208184E-03
 9.147592552105E+10 1.332750875328E-03
 9.150862899908E+10 1.323000028013E-03
 9.154130159501E+10 1.313317198518E-03
 9.157394339616E+10 1.303701921943E-03
 9.160655448945E+10 1.294153736179E-03
 9.163913496137E+10 1.284672181900E-03
 9.167168489803E+10 1.275256802573E-03
 9.170420438512E+10 1.265907144477E-03
 9.173669350793E+10 1.256622756755E-03
 9.176915235136E+10 1.247403191465E-03
 9.180158099992E+10 1.238248003661E-03
 9.183397953771E+10 1.229156751472E-03
 9.186634804845E+10 1.220128996206E-03
 9.189868637052E+10 1.211164370147E-03
 9.193099409506E+10 1.202262575133E-03
 9.196327129471E+10 1.193423181669E-03
 9.199551805583E+10 1.184645760020E-03
 9.202773446439E+10 1.175929884246E-03
 9.205992060591E+10 1.167275132293E-03
 9.209207656555E+10 1.158681086079E-03
 9.212420242806E+10 1.150147331564E-03
 9.215629827779E+10 1.141673458796E-03
 9.218836419870E+10 1.133259061945E-03
 9.222040027436E+10 1.124903739305E-03
 9.225240658795E+10 1.116607093275E-03
 9.228438322226E+10 1.108368730308E-03
 9.231633025970E+10 1.100188260837E-03
 9.234824762387E+10 1.092065339366E-03
 9.238013491055E+10 1.083999705718E-03
 9.241199217042E+10 1.075990986191E-03
 9.244381948817E+10 1.068038801761E-03
 9.247561694805E+10 1.060142776642E-03
 9.250738463393E+10 1.052302538054E-03
 9.253912262931E+10 1.044517715981E-03
 9.257083101727E+10 1.036787942914E-03
 9.260250988051E+10 1.029112853596E-03
 9.263415930136E+10 1.021492084770E-03
 9.266577936176E+10 1.013925274929E-03
 9.269737014327E+10 1.006412064091E-03
 9.272893172707E+10 9.989520935961E-04
 9.276046413482E+10 9.915450197762E-04
 9.279196693832E+10 9.841906042415E-04
 9.282344010378E+10 9.768885152626E-04
 9.285488371470E+10 9.696383942891E-04
 9.288629785418E+10 9.624398836605E-04
 9.291768260494E+10 9.552926266365E-04
 9.294903804929E+10 9.481962674715E-04
 9.298036426919E+10 9.411504515287E-04
 9.301166134620E+10 9.341548254292E-04
 9.304292936150E+10 9.272090372295E-04
 9.307416839590E+10 9.203127366174E-04
 9.310537852984E+10 9.134655751175E-04
 9.313655984031E+10 9.066672069610E-04
 9.316771200750E+10 8.999173742249E-04
 9.319883483398E+10 8.932157928902E-04
 9.322992840249E+10 8.865621201611E-04
 9.326099279539E+10 8.799560159136E-04
 9.329202809466E+10 8.733971427307E-04
 9.332303438189E+10 8.668851658812E-04
 9.335401173828E+10 8.604197532424E-04
 9.338496024468E+10 8.540005751682E-04
 9.341587998153E+10 8.476273043103E-04
 9.344677102893E+10 8.412996154013E-04
 9.347763346657E+10 8.350171850152E-04
 9.350846715978E+10 8.287797344824E-04
 9.353927175933E+10 8.225870283372E-04
 9.357004733531E+10 8.164387465615E-04
 9.360079396961E+10 8.103345677312E-04
 9.363151174373E+10 8.042741714086E-04
 9.366220073877E+10 7.982572381515E-04
 9.369286103548E+10 7.922834496153E-04
 9.372349271422E+10 7.863524887545E-04
 9.375409585498E+10 7.804640401161E-04
 9.378467053736E+10 7.746177902123E-04
 9.381521671917E+10 7.688134509526E-04
 9.384573404005E+10 7.630507963501E-04
 9.387622254167E+10 7.573295263750E-04
 9.390668230552E+10 7.516493370725E-04
 9.393711341272E+10 7.460099285269E-04
 9.396751594399E+10 7.404110050331E-04
 9.399788997968E+10 7.348522751099E-04
 9.402823559977E+10 7.293334513357E-04
 9.405855288386E+10 7.238542500118E-04
 9.408884179810E+10 7.184144109153E-04
 9.411910203643E+10 7.130137243177E-04
 9.414933364813E+10 7.076519178784E-04
 9.417953671429E+10 7.023287148852E-04
 9.420971131561E+10 6.970438395868E-04
 9.423985753244E+10 6.917970169522E-04
 9.426997544470E+10 6.865879727319E-04
 9.430006513200E+10 6.814164338626E-04
 9.433012648222E+10 6.762821617740E-04
 9.436015932368E+10 6.711849300186E-04
 9.439016373617E+10 6.661244727579E-04
 9.442013980027E+10 6.611005289644E-04
 9.445008759618E+10 6.561128431842E-04
 9.448000720371E+10 6.511611654066E-04
 9.450989865286E+10 6.462452581216E-04
 9.453976175059E+10 6.413649222345E-04
 9.456959653585E+10 6.365199194383E-04
 9.459940308901E+10 6.317100010356E-04
 9.462918149008E+10 6.269349126185E-04
 9.465893178574E+10 6.221943992895E-04
 9.468865384483E+10 6.174882319326E-04
 9.471834771028E+10 6.128161590644E-04
 9.474801346215E+10 6.081779395862E-04
 9.477765111043E+10 6.035733659524E-04
 9.480726061645E+10 5.990022461207E-04
 9.483684203645E+10 5.944643122768E-04
 9.486639535689E+10 5.899593211093E-04
 9.489592058535E+10 5.854870630936E-04
 9.492541772247E+10 5.810473136964E-04
 9.495488680888E+10 5.766398420432E-04
 9.498432781247E+10 5.722644290241E-04
 9.501374079878E+10 5.679208450943E-04
 9.504312575958E+10 5.636088756364E-04
 9.507248266353E+10 5.593283116405E-04
 9.510181159046E+10 5.550789286570E-04
 9.513111257848E+10 5.508605083545E-04
 9.516038552252E+10 5.466728525094E-04
 9.518963048098E+10 5.425157390240E-04
 9.521884753398E+10 5.383889429432E-04
 9.524803672566E+10 5.342922450074E-04
 9.527719791079E+10 5.302254532091E-04
 9.530633113043E+10 5.261883504219E-04
 9.533543646488E+10 5.221807156930E-04
 9.536451399407E+10 5.182023300036E-04
 9.539356371884E+10 5.142529869913E-04
 9.542258546652E+10 5.103325052776E-04
 9.545157929876E+10 5.064406729896E-04
 9.548054529596E+10 5.025772772071E-04
 9.550948353813E+10 4.987421063233E-04
 9.553839410108E+10 4.949349503298E-04
 9.556727681711E+10 4.911556318649E-04
 9.559613161885E+10 4.874039606066E-04
 9.562495858709E+10 4.836797276070E-04
 9.565375780220E+10 4.799827250892E-04
 9.568252934420E+10 4.763127467018E-04
 9.571127329269E+10 4.726695878227E-04
 9.573998954587E+10 4.690530686053E-04
 9.576867792400E+10 4.654630206331E-04
 9.579733850606E+10 4.618992451383E-04
 9.582597137270E+10 4.583615458566E-04
 9.585457660415E+10 4.548497293627E-04
 9.588315428028E+10 4.513636050587E-04
 9.591170448058E+10 4.479029850817E-04
 9.594022704911E+10 4.444677123608E-04
 9.596872181148E+10 4.410576336369E-04
 9.599718884873E+10 4.376725666938E-04
 9.602562824163E+10 4.343123312121E-04
 9.605404007058E+10 4.309767485421E-04
 9.608242441555E+10 4.276656414826E-04
 9.611078135616E+10 4.243788340892E-04
 9.613911093225E+10 4.211161560382E-04
 9.616741282185E+10 4.178774790977E-04
 9.619568700128E+10 4.146626409129E-04
 9.622393355177E+10 4.114714678286E-04
 9.625215255416E+10 4.083037870322E-04
 9.628034408889E+10 4.051594265506E-04
 9.630850823601E+10 4.020382152647E-04
 9.633664507519E+10 3.989399829377E-04
 9.636475468123E+10 3.958645607396E-04
 9.639283676594E+10 3.928118200783E-04
 9.642089117710E+10 3.897816176651E-04
 9.644891799637E+10 3.867737855750E-04
 9.647691730500E+10 3.837881570032E-04
 9.650488918385E+10 3.808245663068E-04
 9.653283371337E+10 3.778828490424E-04
 9.656075097363E+10 3.749628420010E-04
 9.658864104430E+10 3.720643832371E-04
 9.661650398824E+10 3.691873137836E-04
 9.664433944299E+10 3.663315193883E-04
 9.667214729273E+10 3.634968608550E-04
 9.669992761943E+10 3.606831797996E-04
 9.672768050464E+10 3.578903191745E-04
 9.675540602954E+10 3.551181232535E-04
 9.678310427487E+10 3.523664376097E-04
 9.681077532101E+10 3.496351090868E-04
 9.683841924793E+10 3.469239857647E-04
 9.686603613519E+10 3.442329169217E-04
 9.689362588220E+10 3.415617703464E-04
 9.692118805986E+10 3.389104459576E-04
 9.694872271967E+10 3.362787976817E-04
 9.697622994391E+10 3.336666774925E-04
 9.700370981442E+10 3.310739384050E-04
 9.703116241264E+10 3.285004344502E-04
 9.705858781961E+10 3.259460206559E-04
 9.708598611596E+10 3.234105530350E-04
 9.711335738193E+10 3.208938885808E-04
 9.714070169738E+10 3.183958852693E-04
 9.716801900471E+10 3.159164144651E-04
 9.719530880414E+10 3.134553879329E-04
 9.722257111354E+10 3.110126708543E-04
 9.724980601581E+10 3.085881235228E-04
 9.727701359345E+10 3.061816073252E-04
 9.730419392853E+10 3.037929847617E-04
 9.733134710273E+10 3.014221194655E-04
 9.735847319731E+10 2.990688762199E-04
 9.738557229313E+10 2.967331209713E-04
 9.741264447063E+10 2.944147208400E-04
 9.743968980988E+10 2.921135441254E-04
 9.746670805029E+10 2.898294889785E-04
 9.749369878506E+10 2.875624661984E-04
 9.752066209416E+10 2.853123461886E-04
 9.754759806104E+10 2.830790002175E-04
 9.757450676870E+10 2.808623007339E-04
 9.760138829975E+10 2.786621213519E-04
 9.762824273634E+10 2.764783368347E-04
 9.765507016025E+10 2.743108230776E-04
 9.768187065283E+10 2.721594570905E-04
 9.770864429501E+10 2.700241169809E-04
 9.773539116735E+10 2.679046819371E-04
 9.776211115548E+10 2.658010474758E-04
 9.778880371464E+10 2.637131432960E-04
 9.781546888172E+10 2.616408537898E-04
 9.784210674088E+10 2.595840606347E-04
 9.786871737584E+10 2.575426465474E-04
 9.789530086992E+10 2.555164952706E-04
 9.792185730597E+10 2.535054915597E-04
 9.794838676646E+10 2.515095211691E-04
 9.797488933343E+10 2.495284708384E-04
 9.800136508849E+10 2.475622282769E-04
 9.802781411287E+10 2.456106821477E-04
 9.805423648735E+10 2.436737220503E-04
 9.808063190881E+10 2.417512663445E-04
 9.810699993302E+10 2.398432437149E-04
 9.813334064188E+10 2.379495450181E-04
 9.815965412012E+10 2.360700617587E-04
 9.818594045200E+10 2.342046863028E-04
 9.821219972138E+10 2.323533118555E-04
 9.823843201167E+10 2.305158324377E-04
 9.826463740585E+10 2.286921428635E-04
 9.829081598649E+10 2.268821387188E-04
 9.831696783571E+10 2.250857163407E-04
 9.834309303526E+10 2.233027727985E-04
 9.836919166642E+10 2.215332058771E-04
 9.839526358623E+10 2.197769290922E-04
 9.842130817096E+10 2.180338883013E-04
 9.844732545469E+10 2.163039851985E-04
 9.847331552309E+10 2.145871186617E-04
 9.849927846139E+10 2.128831882633E-04
 9.852521435438E+10 2.111920942681E-04
 9.855112328639E+10 2.095137376326E-04
 9.857700534134E+10 2.078480200075E-04
 9.860286060269E+10 2.061948437411E-04
 9.862868915349E+10 2.045541118854E-04
 9.865449107634E+10 2.029257282033E-04
 9.868026645343E+10 2.013095971772E-04
 9.870601536653E+10 1.997056240179E-04
 9.873173738802E+10 1.981137460710E-04
 9.875743205041E+10 1.965339030300E-04
 9.878309944061E+10 1.949660007021E-04
 9.880873964526E+10 1.934099456768E-04
 9.883435275056E+10 1.918656453486E-04
 9.885993884226E+10 1.903330079230E-04
 9.888549800564E+10 1.888119424227E-04
 9.891103032556E+10 1.873023586911E-04
 9.893653588641E+10 1.858041673943E-04
 9.896201477214E+10 1.843172800219E-04
 9.898746706629E+10 1.828416088855E-04
 9.901289285193E+10 1.813770671151E-04
 9.903829221172E+10 1.799235686538E-04
 9.906366481511E+10 1.784810516425E-04
 9.908901006369E+10 1.770494694660E-04
 9.911432803547E+10 1.756287374485E-04
 9.913961881833E+10 1.742187711281E-04
 9.916488249967E+10 1.728194868346E-04
 9.919011916643E+10 1.714308016744E-04
 9.921532890510E+10 1.700526335171E-04
 9.924051180167E+10 1.686849009792E-04
 9.926566794172E+10 1.673275234104E-04
 9.929079741035E+10 1.659804208780E-04
 9.931590029221E+10 1.646435141529E-04
 9.934097667150E+10 1.633167246963E-04
 9.936602663200E+10 1.619999746468E-04
 9.939105018336E+10 1.606931906439E-04
 9.941604660352E+10 1.593963376987E-04
 9.944101575954E+10 1.581093500966E-04
 9.946595774043E+10 1.568321511341E-04
 9.949087263473E+10 1.555646647681E-04
 9.951576053050E+10 1.543068156095E-04
 9.954062151532E+10 1.530585289206E-04
 9.956545567629E+10 1.518197306108E-04
 9.959026310005E+10 1.505903472354E-04
 9.961504387277E+10 1.493703059938E-04
 9.963979808017E+10 1.481595347278E-04
 9.966452580750E+10 1.469579619211E-04
 9.968922713955E+10 1.457655166972E-04
 9.971390216067E+10 1.445821288174E-04
 9.973855080141E+10 1.434077359607E-04
 9.976317231592E+10 1.422423081364E-04
 9.978776666915E+10 1.410857816227E-04
 9.981233395079E+10 1.399380873541E-04
 9.983687425003E+10 1.387991569001E-04
 9.986138765559E+10 1.376689224545E-04
 9.988587425569E+10 1.365473168241E-04
 9.991033413807E+10 1.354342734150E-04
 9.993476739000E+10 1.343297262178E-04
 9.995917409828E+10 1.332336097921E-04
 9.998355434922E+10 1.321458592495E-04
 1.000079082287E+11 1.310664102359E-04
 1.000322358220E+11 1.299951989143E-04
 1.000565372142E+11 1.289321619469E-04
 1.000808124023E+11 1.278772402657E-04
 1.001050606109E+11 1.268304083862E-04
 1.001292817108E+11 1.257916126572E-04
 1.001534757929E+11 1.247607902833E-04
 1.001776429473E+11 1.237378789188E-04
 1.002017832637E+11 1.227228166572E-04
 1.002258968314E+11 1.217155420246E-04
 1.002499837391E+11 1.207159939746E-04
 1.002740440750E+11 1.197241118861E-04
 1.002980779268E+11 1.187398355642E-04
 1.003220853818E+11 1.177631052429E-04
 1.003460665269E+11 1.167938615907E-04
 1.003700214482E+11 1.158320457183E-04
 1.003939502317E+11 1.148775991879E-04
 1.004178529628E+11 1.139304640242E-04
 1.004417291191E+11 1.129906065486E-04
 1.004655781719E+11 1.120579931770E-04
 1.004894002133E+11 1.111325661479E-04
 1.005131953349E+11 1.102142682355E-04
 1.005369636278E+11 1.093030427619E-04
 1.005607051824E+11 1.083988336080E-04
 1.005844200888E+11 1.075015852220E-04
 1.006081084366E+11 1.066112426271E-04
 1.006317703148E+11 1.057277514257E-04
 1.006554058118E+11 1.048510578027E-04
 1.006790150159E+11 1.039811085243E-04
 1.007025980144E+11 1.031178509361E-04
 1.007261548945E+11 1.022612329569E-04
 1.007496857427E+11 1.014112030707E-04
 1.007731905499E+11 1.005677137286E-04
 1.007966685217E+11 9.973074570334E-05
 1.008201195362E+11 9.890025572507E-05
 1.008435436862E+11 9.807619330920E-05
 1.008669410637E+11 9.725850848275E-05
 1.008903117604E+11 9.644715176503E-05
 1.009136558672E+11 9.564207414789E-05
 1.009369734747E+11 9.484322707592E-05
 1.009602646730E+11 9.405056242698E-05
 1.009835295516E+11 9.326403249345E-05
 1.010067681995E+11 9.248358996462E-05
 1.010299807053E+11 9.170918791040E-05
 1.010531671569E+11 9.094077976678E-05
 1.010763276420E+11 9.017831932302E-05
 1.010994622475E+11 8.942176071086E-05
 1.011225708170E+11 8.867106626685E-05
 1.011456526114E+11 8.792621716013E-05
 1.011687076554E+11 8.718716977380E-05
 1.011917360417E+11 8.645387858542E-05
 1.012147378626E+11 8.572629840836E-05
 1.012377132099E+11 8.500438439184E-05
 1.012606621746E+11 8.428809202214E-05
 1.012835848475E+11 8.357737712489E-05
 1.013064813188E+11 8.287219586788E-05
 1.013293516781E+11 8.217250476434E-05
 1.013521960145E+11 8.147826067637E-05
 1.013750144166E+11 8.078942081810E-05
 1.013978069727E+11 8.010594275863E-05
 1.014205737702E+11 7.942778442424E-05
 1.014433148964E+11 7.875490410003E-05
 1.014660300718E+11 7.808727115534E-05
 1.014887186569E+11 7.742486549032E-05
 1.015113807251E+11 7.676764619632E-05
 1.015340163690E+11 7.611557214225E-05
 1.015566256807E+11 7.546860256691E-05
 1.015792087522E+11 7.482669707559E-05
 1.016017656743E+11 7.418981563620E-05
 1.016242965379E+11 7.355791857511E-05
 1.016468014329E+11 7.293096657301E-05
 1.016692804491E+11 7.230892066073E-05
 1.016917336754E+11 7.169174221558E-05
 1.017141612004E+11 7.107939295801E-05
 1.017365631122E+11 7.047183494901E-05
 1.017589394983E+11 6.986903058836E-05
 1.017812904457E+11 6.927094261358E-05
 1.018036155421E+11 6.867754731977E-05
 1.018259142282E+11 6.808882483489E-05
 1.018481865947E+11 6.750473817423E-05
 1.018704327346E+11 6.692525063724E-05
 1.018926527404E+11 6.635032588419E-05
 1.019148467039E+11 6.577992793958E-05
 1.019370147165E+11 6.521402119570E-05
 1.019591568690E+11 6.465257041625E-05
 1.019812732517E+11 6.409554073966E-05
 1.020033639544E+11 6.354289768194E-05
 1.020254290663E+11 6.299460713870E-05
 1.020474686761E+11 6.245063538615E-05
 1.020694828721E+11 6.191094908081E-05
 1.020914717419E+11 6.137551525781E-05
 1.021134353693E+11 6.084430141475E-05
 1.021353731634E+11 6.031729154704E-05
 1.021572847133E+11 5.979446529362E-05
 1.021791701130E+11 5.927579039230E-05
 1.022010294557E+11 5.876123493894E-05
 1.022228628345E+11 5.825076737524E-05
 1.022446703415E+11 5.774435647516E-05
 1.022664520685E+11 5.724197133015E-05
 1.022882081068E+11 5.674358133346E-05
 1.023099385470E+11 5.624915616392E-05
 1.023316434793E+11 5.575866576950E-05
 1.023533229932E+11 5.527208035086E-05
 1.023749771780E+11 5.478937034554E-05
 1.023966061220E+11 5.431050641287E-05
 1.024182099135E+11 5.383545942005E-05
 1.024397885789E+11 5.336420175801E-05
 1.024613413416E+11 5.289672331555E-05
 1.024828680148E+11 5.243300097307E-05
 1.025043686932E+11 5.197300561748E-05
 1.025258434705E+11 5.151670831344E-05
 1.025472924403E+11 5.106408030091E-05
 1.025687156953E+11 5.061509299485E-05
 1.025901133278E+11 5.016971798694E-05
 1.026114854295E+11 4.972792704919E-05
 1.026328320915E+11 4.928969213923E-05
 1.026541534046E+11 4.885498540687E-05
 1.026754494588E+11 4.842377920181E-05
 1.026967203436E+11 4.799604608192E-05
 1.027179661481E+11 4.757175882193E-05
 1.027391869609E+11 4.715089042203E-05
 1.027603825685E+11 4.673342002819E-05
 1.027815522437E+11 4.631933687944E-05
 1.028026960352E+11 4.590861498313E-05
 1.028238140380E+11 4.550122769616E-05
 1.028449063460E+11 4.509714864322E-05
 1.028659730529E+11 4.469635171846E-05
 1.028870142516E+11 4.429881108549E-05
 1.029080300347E+11 4.390450117560E-05
 1.029290204939E+11 4.351339668426E-05
 1.029499857205E+11 4.312547256608E-05
 1.029709258055E+11 4.274070402831E-05
 1.029918408389E+11 4.235906652322E-05
 1.030127309106E+11 4.198053573948E-05
 1.030335961096E+11 4.160508759307E-05
 1.030544364521E+11 4.123269950775E-05
 1.030752511785E+11 4.086336278964E-05
 1.030960401391E+11 4.049705780378E-05
 1.031168034295E+11 4.013376071267E-05
 1.031375411444E+11 3.977344787289E-05
 1.031582533781E+11 3.941609582861E-05
 1.031789402244E+11 3.906168130647E-05
 1.031996017764E+11 3.871018121192E-05
 1.032202381266E+11 3.836157262705E-05
 1.032408493670E+11 3.801583280990E-05
 1.032614355890E+11 3.767293919528E-05
 1.032819968836E+11 3.733286939674E-05
 1.033025333411E+11 3.699560120967E-05
 1.033230450512E+11 3.666111261532E-05
 1.033435320514E+11 3.632938262127E-05
 1.033639935802E+11 3.600040319793E-05
 1.033844294327E+11 3.567415726771E-05
 1.034048397053E+11 3.535062306110E-05
 1.034252244938E+11 3.502977902625E-05
 1.034455838934E+11 3.471160383132E-05
 1.034659179988E+11 3.439607636560E-05
 1.034862269040E+11 3.408317573922E-05
 1.035065107025E+11 3.377288128132E-05
 1.035267694871E+11 3.346517253652E-05
 1.035470033502E+11 3.316002925989E-05
 1.035672123835E+11 3.285743141021E-05
 1.035873966782E+11 3.255735914198E-05
 1.036075563249E+11 3.225979279606E-05
 1.036276911715E+11 3.196471642625E-05
 1.036478003784E+11 3.167212410955E-05
 1.036678839513E+11 3.138199751616E-05
 1.036879419879E+11 3.109431710550E-05
 1.037079745855E+11 3.080906347853E-05
 1.037279818405E+11 3.052621736738E-05
 1.037479638489E+11 3.024575962594E-05
 1.037679207061E+11 2.996767122186E-05
 1.037878525068E+11 2.969193322993E-05
 1.038077593451E+11 2.941852682726E-05
 1.038276413146E+11 2.914743329015E-05
 1.038474985082E+11 2.887863399279E-05
 1.038673310183E+11 2.861211040774E-05
 1.038871388287E+11 2.834784554455E-05
 1.039069210578E+11 2.808583388840E-05
 1.039266775724E+11 2.782605984725E-05
 1.039464084725E+11 2.756850482368E-05
 1.039661138576E+11 2.731315035157E-05
 1.039857938263E+11 2.705997810297E-05
 1.040054484767E+11 2.680896989506E-05
 1.040250779063E+11 2.656010769684E-05
 1.040446822120E+11 2.631337363542E-05
 1.040642614900E+11 2.606875000153E-05
 1.040838158358E+11 2.582621925417E-05
 1.041033453445E+11 2.558576402423E-05
 1.041228501105E+11 2.534736711701E-05
 1.041423298772E+11 2.511101574925E-05
 1.041617838353E+11 2.487670381514E-05
 1.041812120410E+11 2.464441475381E-05
 1.042006145961E+11 2.441413161983E-05
 1.042199916021E+11 2.418583764889E-05
 1.042393431596E+11 2.395951625508E-05
 1.042586693686E+11 2.373515102792E-05
 1.042779703285E+11 2.351272572923E-05
 1.042972461379E+11 2.329222429011E-05
 1.043164968950E+11 2.307363080797E-05
 1.043357226971E+11 2.285692954387E-05
 1.043549236410E+11 2.264210492005E-05
 1.043740995214E+11 2.242914485365E-05
 1.043932495080E+11 2.221804417803E-05
 1.044123736398E+11 2.200878809489E-05
 1.044314720213E+11 2.180136123111E-05
 1.044505447563E+11 2.159574837149E-05
 1.044695919477E+11 2.139193445558E-05
 1.044886136980E+11 2.118990457379E-05
 1.045076101088E+11 2.098964396278E-05
 1.045265812811E+11 2.079113800006E-05
 1.045455273153E+11 2.059437219774E-05
 1.045644483109E+11 2.039933219547E-05
 1.045833442953E+11 2.020600448422E-05
 1.046022144240E+11 2.001438445686E-05
 1.046210585109E+11 1.982446070752E-05
 1.046398766635E+11 1.963621891017E-05
 1.046586689886E+11 1.944964483377E-05
 1.046774355922E+11 1.926472433487E-05
 1.046961765797E+11 1.908144335105E-05
 1.047148920556E+11 1.889978789571E-05
 1.047335821240E+11 1.871974405405E-05
 1.047522468879E+11 1.854129798048E-05
 1.047708864499E+11 1.836443589742E-05
 1.047895005329E+11 1.818914764988E-05
 1.048080883483E+11 1.801542780023E-05
 1.048266499694E+11 1.784326276176E-05
 1.048451855067E+11 1.767263866981E-05
 1.048636950698E+11 1.750354174162E-05
 1.048821787676E+11 1.733595827757E-05
 1.049006367082E+11 1.716987466187E-05
 1.049190689991E+11 1.700527736250E-05
 1.049374757468E+11 1.684215293051E-05
 1.049558570558E+11 1.668048801106E-05
 1.049742123431E+11 1.652027530305E-05
 1.049925411462E+11 1.636150635735E-05
 1.050108435792E+11 1.620416771496E-05
 1.050291197559E+11 1.604824601019E-05
 1.050473697887E+11 1.589372797737E-05
 1.050655937896E+11 1.574060046127E-05
 1.050837918697E+11 1.558885043156E-05
 1.051019641392E+11 1.543846500103E-05
 1.051201106662E+11 1.528943178741E-05
 1.051382307445E+11 1.514174486342E-05
 1.051563241747E+11 1.499539422553E-05
 1.051743910739E+11 1.485036749049E-05
 1.051924315585E+11 1.470665253001E-05
 1.052104457442E+11 1.456423747894E-05
 1.052284337454E+11 1.442311073337E-05
 1.052463956761E+11 1.428326093674E-05
 1.052643315205E+11 1.414467794541E-05
 1.052822405868E+11 1.400735692422E-05
 1.053001228550E+11 1.387128788829E-05
 1.053179784451E+11 1.373645984852E-05
 1.053358074760E+11 1.360286185244E-05
 1.053536100661E+11 1.347048294047E-05
 1.053713863325E+11 1.333931211679E-05
 1.053891360953E+11 1.320934050265E-05
 1.054068588266E+11 1.308056163288E-05
 1.054245546270E+11 1.295296438517E-05
 1.054422236187E+11 1.282653752822E-05
 1.054598659234E+11 1.270126994234E-05
 1.054774816441E+11 1.257715078156E-05
 1.054950703601E+11 1.245417299916E-05
 1.055126319399E+11 1.233232755862E-05
 1.055301665089E+11 1.221160366711E-05
 1.055476741912E+11 1.209199051227E-05
 1.055651549013E+11 1.197347861657E-05
 1.055826083520E+11 1.185605976324E-05
 1.056000346596E+11 1.173972309281E-05
 1.056174338610E+11 1.162445863626E-05
 1.056348057680E+11 1.151025825513E-05
 1.056521504231E+11 1.139711155747E-05
 1.056694677268E+11 1.128500926290E-05
 1.056867576220E+11 1.117394195842E-05
 1.057040200530E+11 1.106390033702E-05
 1.057212550026E+11 1.095487479799E-05
 1.057384623973E+11 1.084685585909E-05
 1.057556422288E+11 1.073983391414E-05
 1.057727943971E+11 1.063379992245E-05
 1.057899189656E+11 1.052874362948E-05
 1.058070157398E+11 1.042465646754E-05
 1.058240848089E+11 1.032152861320E-05
 1.058411261241E+11 1.021935164433E-05
 1.058581394961E+11 1.011811828357E-05
 1.058751250557E+11 1.001781936513E-05
 1.058920827744E+11 9.918446558886E-06
 1.059090123789E+11 9.819992866890E-06
 1.059259139891E+11 9.722449028952E-06
 1.059427877222E+11 9.625805971472E-06
 1.059596332521E+11 9.530057321596E-06
 1.059764505303E+11 9.435195195917E-06
 1.059932396986E+11 9.341210664292E-06
 1.060100008455E+11 9.248095072933E-06
 1.060267335572E+11 9.155842490146E-06
 1.060434378289E+11 9.064444676235E-06
 1.060601138051E+11 8.973892638580E-06
 1.060767616237E+11 8.884177557973E-06
 1.060933809292E+11 8.795293410611E-06
 1.061099715436E+11 8.707233317011E-06
 1.061265336148E+11 8.619988767193E-06
 1.061430672897E+11 8.533551352128E-06
 1.061595726041E+11 8.447913297495E-06
 1.061760490174E+11 8.363069815386E-06
 1.061924965616E+11 8.279013144087E-06
 1.062089153880E+11 8.195734969829E-06
 1.062253056464E+11 8.113227074143E-06
 1.062416673563E+11 8.031481991801E-06
 1.062579999108E+11 7.950495438399E-06
 1.062743033426E+11 7.870259980049E-06
 1.062905778069E+11 7.790767649678E-06
 1.063068234576E+11 7.712010546275E-06
 1.063230404304E+11 7.633980896432E-06
 1.063392281759E+11 7.556674214876E-06
 1.063553864835E+11 7.480084351625E-06
 1.063715155129E+11 7.404203415274E-06
 1.063876154229E+11 7.329023591657E-06
 1.064036863706E+11 7.254537166810E-06
 1.064197283627E+11 7.180737230604E-06
 1.064357406968E+11 7.107620204537E-06
 1.064517233999E+11 7.035179234527E-06
 1.064676766359E+11 6.963406962577E-06
 1.064836005670E+11 6.892296153488E-06
 1.064994953543E+11 6.821839677029E-06
 1.065153609892E+11 6.752031225526E-06
 1.065311967083E+11 6.682867819668E-06
 1.065470025395E+11 6.614342998984E-06
 1.065627786514E+11 6.546449737054E-06
 1.065785252109E+11 6.479181073330E-06
 1.065942423836E+11 6.412530122038E-06
 1.066099303003E+11 6.346490223214E-06
 1.066255882363E+11 6.281058368465E-06
 1.066412159676E+11 6.216229478590E-06
 1.066568136682E+11 6.151996909567E-06
 1.066723815106E+11 6.088354145897E-06
 1.066879196656E+11 6.025294799120E-06
 1.067034283025E+11 5.962812601407E-06
 1.067189073181E+11 5.900902473430E-06
 1.067343558922E+11 5.839562231780E-06
 1.067497741127E+11 5.778786088314E-06
 1.067651621577E+11 5.718567952601E-06
 1.067805202037E+11 5.658901785306E-06
 1.067958484255E+11 5.599781582467E-06
 1.068111469961E+11 5.541201361667E-06
 1.068264156862E+11 5.483156669016E-06
 1.068416537309E+11 5.425645016679E-06
 1.068568612749E+11 5.368660412835E-06
 1.068720385006E+11 5.312196717691E-06
 1.068871855886E+11 5.256247799370E-06
 1.069023027178E+11 5.200807543766E-06
 1.069173900652E+11 5.145869869257E-06
 1.069324475244E+11 5.091429761006E-06
 1.069474742310E+11 5.037484954798E-06
 1.069624702752E+11 4.984029785140E-06
 1.069774358441E+11 4.931058358830E-06
 1.069923711226E+11 4.878564937699E-06
 1.070072762940E+11 4.826543960787E-06
 1.070221515396E+11 4.774990062062E-06
 1.070369969962E+11 4.723898228464E-06
 1.070518119248E+11 4.673266631962E-06
 1.070665961423E+11 4.623091679786E-06
 1.070813498389E+11 4.573368686276E-06
 1.070960732029E+11 4.524093151740E-06
 1.071107664205E+11 4.475260740039E-06
 1.071254296763E+11 4.426867252189E-06
 1.071400631527E+11 4.378908597734E-06
 1.071546667562E+11 4.331381655502E-06
 1.071692397354E+11 4.284285443560E-06
 1.071837822048E+11 4.237616149168E-06
 1.071982943552E+11 4.191369713830E-06
 1.072127763755E+11 4.145542073261E-06
 1.072272284527E+11 4.100129146777E-06
 1.072416507716E+11 4.055126831795E-06
 1.072560435153E+11 4.010531003083E-06
 1.072704063888E+11 3.966338976594E-06
 1.072847387522E+11 3.922549058631E-06
 1.072990407844E+11 3.879157003225E-06
 1.073133126772E+11 3.836158530338E-06
 1.073275546203E+11 3.793549385163E-06
 1.073417668014E+11 3.751325352207E-06
 1.073559494064E+11 3.709482270135E-06
 1.073701026192E+11 3.668016047160E-06
 1.073842261802E+11 3.626923956793E-06
 1.073983195581E+11 3.586204115366E-06
 1.074123829356E+11 3.545852653219E-06
 1.074264165034E+11 3.505865805524E-06
 1.074404204503E+11 3.466239955908E-06
 1.074543949631E+11 3.426971648291E-06
 1.074683402265E+11 3.388057596031E-06
 1.074822564235E+11 3.349494687550E-06
 1.074961434397E+11 3.311280797513E-06
 1.075100006973E+11 3.273415208245E-06
 1.075238283478E+11 3.235895330462E-06
 1.075376265804E+11 3.198718618836E-06
 1.075513955819E+11 3.161882661360E-06
 1.075651355374E+11 3.125385156188E-06
 1.075788466299E+11 3.089223885370E-06
 1.075925290406E+11 3.053396686817E-06
 1.076061828215E+11 3.017901755394E-06
 1.076198073044E+11 2.982739124594E-06
 1.076334025210E+11 2.947906950389E-06
 1.076469686591E+11 2.913402935413E-06
 1.076605059044E+11 2.879224727707E-06
 1.076740144408E+11 2.845369912897E-06
 1.076874944501E+11 2.811836012756E-06
 1.077009461124E+11 2.778620489945E-06
 1.077143695974E+11 2.745720778594E-06
 1.077277643619E+11 2.713136000956E-06
 1.077411301286E+11 2.680864566903E-06
 1.077544670850E+11 2.648903742299E-06
 1.077677754167E+11 2.617250816604E-06
 1.077810553071E+11 2.585903120170E-06
 1.077943069378E+11 2.554858038643E-06
 1.078075304885E+11 2.524113023548E-06
 1.078207261369E+11 2.493665598484E-06
 1.078338937688E+11 2.463514022625E-06
 1.078470327248E+11 2.433657835757E-06
 1.078601431386E+11 2.404094799228E-06
 1.078732251954E+11 2.374822609345E-06
 1.078862790786E+11 2.345839009583E-06
 1.078993049692E+11 2.317141779297E-06
 1.079123030466E+11 2.288728722966E-06
 1.079252734882E+11 2.260597660920E-06
 1.079382164298E+11 2.232746507596E-06
 1.079511311908E+11 2.205174910562E-06
 1.079640176098E+11 2.177881363490E-06
 1.079768758726E+11 2.150863610643E-06
 1.079897061630E+11 2.124119404069E-06
 1.080025086626E+11 2.097646507591E-06
 1.080152835514E+11 2.071442701381E-06
 1.080280310071E+11 2.045505786353E-06
 1.080407512058E+11 2.019833587639E-06
 1.080534439122E+11 1.994424772744E-06
 1.080661084979E+11 1.969278782663E-06
 1.080787451274E+11 1.944393472818E-06
 1.080913539848E+11 1.919766677538E-06
 1.081039352527E+11 1.895396248955E-06
 1.081164891112E+11 1.871280050817E-06
 1.081290157388E+11 1.847415951947E-06
 1.081415153118E+11 1.823801820019E-06
 1.081539878955E+11 1.800435720403E-06
 1.081664327294E+11 1.777317224950E-06
 1.081788497846E+11 1.754444490262E-06
 1.081912392463E+11 1.731815256301E-06
 1.082036012977E+11 1.709427255231E-06
 1.082159361198E+11 1.687278215238E-06
 1.082282438919E+11 1.665365865675E-06
 1.082405247910E+11 1.643687943004E-06
 1.082527789860E+11 1.622242208313E-06
 1.082650059361E+11 1.601027663479E-06
 1.082772053413E+11 1.580042876896E-06
 1.082893773868E+11 1.559285589370E-06
 1.083015222558E+11 1.538753573280E-06
 1.083136401297E+11 1.518444633112E-06
 1.083257311875E+11 1.498356604599E-06
 1.083377956066E+11 1.478487352787E-06
 1.083498335623E+11 1.458834769419E-06
 1.083618447555E+11 1.439397531063E-06
 1.083738287194E+11 1.420174574149E-06
 1.083857856345E+11 1.401163790858E-06
 1.083977156830E+11 1.382363087024E-06
 1.084096190452E+11 1.363770388397E-06
 1.084214958996E+11 1.345383641569E-06
 1.084333464222E+11 1.327200815706E-06
 1.084451707876E+11 1.309219904782E-06
 1.084569687358E+11 1.291439578638E-06
 1.084687398119E+11 1.273858799684E-06
 1.084804841934E+11 1.256475593383E-06
 1.084922020610E+11 1.239288008779E-06
 1.085038935935E+11 1.222294125695E-06
 1.085155589676E+11 1.205492052153E-06
 1.085271983581E+11 1.188879920564E-06
 1.085388119336E+11 1.172455889113E-06
 1.085503992818E+11 1.156218937399E-06
 1.085619601714E+11 1.140167771716E-06
 1.085734947829E+11 1.124300515988E-06
 1.085850032944E+11 1.108615295856E-06
 1.085964858826E+11 1.093110236087E-06
 1.086079427216E+11 1.077783459571E-06
 1.086193739841E+11 1.062633088008E-06
 1.086307796962E+11 1.047657432785E-06
 1.086421593133E+11 1.032855539701E-06
 1.086535129165E+11 1.018225624842E-06
 1.086648406833E+11 1.003765790722E-06
 1.086761427893E+11 9.894741620224E-07
 1.086874194081E+11 9.753488911227E-07
 1.086986707114E+11 9.613881631868E-07
 1.087098968266E+11 9.475902523266E-07
 1.087210972959E+11 9.339541783718E-07
 1.087322720863E+11 9.204784640093E-07
 1.087434213737E+11 9.071614186190E-07
 1.087545453318E+11 8.940014000928E-07
 1.087656441325E+11 8.809968157372E-07
 1.087767179457E+11 8.681461226641E-07
 1.087877668641E+11 8.554479137943E-07
 1.087987904402E+11 8.429014373143E-07
 1.088097887124E+11 8.305054148897E-07
 1.088207618541E+11 8.182584559210E-07
 1.088317100368E+11 8.061592125751E-07
 1.088426334301E+11 7.942063754415E-07
 1.088535322014E+11 7.823986682451E-07
 1.088644061549E+11 7.707352278859E-07
 1.088752550134E+11 7.592152800454E-07
 1.088860789485E+11 7.478375740360E-07
 1.088968781312E+11 7.366008658646E-07
 1.089076527305E+11 7.255039134716E-07
 1.089184029137E+11 7.145454713659E-07
 1.089291285153E+11 7.037246178975E-07
 1.089398292433E+11 6.930405307732E-07
 1.089505052666E+11 6.824919002447E-07
 1.089611567556E+11 6.720774001724E-07
 1.089717838787E+11 6.617956921164E-07
 1.089823867495E+11 6.516454785090E-07
 1.089929649745E+11 6.416259313015E-07
 1.090035185750E+11 6.317358144730E-07
 1.090140477222E+11 6.219737584325E-07
 1.090245525852E+11 6.123384153541E-07
 1.090350332838E+11 6.028285097305E-07
 1.090454894724E+11 5.934432109713E-07
 1.090559211833E+11 5.841813637102E-07
 1.090663285876E+11 5.750417057810E-07
 1.090767118546E+11 5.660229809867E-07
 1.090870708627E+11 5.571241686690E-07
 1.090974054211E+11 5.483442721540E-07
 1.091077157010E+11 5.396819580034E-07
 1.091180018683E+11 5.311358974504E-07
 1.091282637593E+11 5.227050653778E-07
 1.091385013395E+11 5.143883852070E-07
 1.091487147806E+11 5.061846713606E-07
 1.091589040249E+11 4.980929271599E-07
 1.091690689783E+11 4.901120866907E-07
 1.091792097768E+11 4.822407578511E-07
 1.091893263411E+11 4.744777169736E-07
 1.091994187425E+11 4.668219624610E-07
 1.092094869547E+11 4.592726300162E-07
 1.092195309558E+11 4.518286209743E-07
 1.092295507151E+11 4.444889562204E-07
 1.092395462067E+11 4.372524093448E-07
 1.092495174329E+11 4.301177167443E-07
 1.092594644238E+11 4.230838757865E-07
 1.092693871657E+11 4.161497309327E-07
 1.092792856423E+11 4.093144425465E-07
 1.092891598506E+11 4.025771605311E-07
 1.092990096967E+11 3.959367795299E-07
 1.093088351842E+11 3.893920602817E-07
 1.093186362847E+11 3.829419322753E-07
 1.093284129681E+11 3.765853904520E-07
 1.093381653114E+11 3.703213416231E-07
 1.093478931291E+11 3.641489119433E-07
 1.093575965723E+11 3.580671210594E-07
 1.093672754406E+11 3.520752176752E-07
 1.093769296231E+11 3.461722360399E-07
 1.093865592857E+11 3.403568558996E-07
 1.093961641820E+11 3.346279749910E-07
 1.094057443350E+11 3.289844977139E-07
 1.094152999093E+11 3.234254944367E-07
 1.094248305363E+11 3.179504823611E-07
 1.094343361851E+11 3.125587185819E-07
 1.094438170504E+11 3.072491438586E-07
 1.094532727969E+11 3.020208297667E-07
 1.094627031575E+11 2.968727807552E-07
 1.094721083354E+11 2.918038756149E-07
 1.094814883364E+11 2.868132955429E-07
 1.094908425956E+11 2.819006443047E-07
 1.095001712455E+11 2.770651345320E-07
 1.095094744953E+11 2.723058043198E-07
 1.095187518196E+11 2.676218924257E-07
 1.095280027083E+11 2.630125092566E-07
 1.095372273860E+11 2.584764071662E-07
 1.095464260416E+11 2.540124815022E-07
 1.095555978981E+11 2.496202477734E-07
 1.095647427215E+11 2.452990574101E-07
 1.095738607493E+11 2.410480515617E-07
 1.095829521567E+11 2.368663245236E-07
 1.095920158092E+11 2.327534349500E-07
 1.096010513891E+11 2.287084366618E-07
 1.096100591557E+11 2.247300775150E-07
 1.096190393508E+11 2.208171594623E-07
 1.096279909491E+11 2.169691368372E-07
 1.096369133881E+11 2.131853726475E-07
 1.096458069508E+11 2.094649685864E-07
 1.096546719158E+11 2.058070841710E-07
 1.096635076561E+11 2.022112442484E-07
 1.096723127735E+11 1.986772239315E-07
 1.096810875450E+11 1.952040610875E-07
 1.096898322823E+11 1.917907619439E-07
 1.096985470558E+11 1.884364441277E-07
 1.097072299489E+11 1.851410214621E-07
 1.097158807619E+11 1.819037913924E-07
 1.097244998476E+11 1.787239016675E-07
 1.097330875528E+11 1.756005428909E-07
 1.097416429796E+11 1.725333566957E-07
 1.097501641594E+11 1.695223137557E-07
 1.097586514451E+11 1.665664962713E-07
 1.097671052379E+11 1.636649279750E-07
 1.097755258987E+11 1.608166135201E-07
 1.097839112653E+11 1.580213744609E-07
 1.097922601860E+11 1.552786532443E-07
 1.098005731317E+11 1.525873563923E-07
 1.098088505637E+11 1.499464211556E-07
 1.098170927318E+11 1.473548855092E-07
 1.098252969400E+11 1.448127309512E-07
 1.098334626349E+11 1.423192805254E-07
 1.098415903540E+11 1.398735688336E-07
 1.098496806222E+11 1.374746961194E-07
 1.098577336539E+11 1.351219161092E-07
 1.098657466171E+11 1.328154074173E-07
 1.098737191754E+11 1.305546396292E-07
 1.098816519339E+11 1.283388438586E-07
 1.098895454827E+11 1.261672773535E-07
 1.098974001736E+11 1.240392672119E-07
 1.099052132493E+11 1.219549520277E-07
 1.099129842623E+11 1.199137971338E-07
 1.099207138845E+11 1.179149428046E-07
 1.099284027706E+11 1.159575118339E-07
 1.099360515104E+11 1.140406190118E-07
 1.099436582558E+11 1.121639487878E-07
 1.099512223064E+11 1.103268415635E-07
 1.099587443734E+11 1.085282514878E-07
 1.099662251481E+11 1.067671058581E-07
 1.099736653030E+11 1.050423058951E-07
 1.099810646046E+11 1.033529325124E-07
 1.099884224725E+11 1.016981144054E-07
 1.099957395858E+11 1.000766799309E-07
 1.100030166145E+11 9.848746266270E-08
 1.100102542102E+11 9.692930902597E-08
 1.100174531015E+11 9.540105893458E-08
 1.100246143106E+11 9.390149750092E-08
 1.100317384704E+11 9.242949100957E-08
 1.100388261500E+11 9.098390594693E-08
 1.100458779041E+11 8.956359099689E-08
 1.100528943542E+11 8.816735841947E-08
 1.100598784559E+11 8.679354527978E-08
 1.100668317856E+11 8.544076645127E-08
 1.100737547467E+11 8.410787260033E-08
 1.100806477334E+11 8.279373200823E-08
 1.100875111319E+11 8.149724275628E-08
 1.100943475403E+11 8.021692552981E-08
 1.101011614573E+11 7.895099829040E-08
 1.101079532026E+11 7.769850020350E-08
 1.101147229912E+11 7.645851458049E-08
 1.101214710348E+11 7.523015096055E-08
 1.101281984661E+11 7.401238790541E-08
 1.101349113826E+11 7.280337098875E-08
 1.101416109279E+11 7.160223617646E-08
 1.101482971817E+11 7.040843084227E-08
 1.101549702226E+11 6.922155571638E-08
 1.101616303158E+11 6.804135540280E-08
 1.101682817750E+11 6.686704242515E-08
 1.101749263917E+11 6.569844437469E-08
 1.101815641870E+11 6.453582140657E-08
 1.101881951818E+11 6.337949219110E-08
 1.101948194163E+11 6.222976598846E-08
 1.102014377815E+11 6.108674518431E-08
 1.102080507624E+11 5.995051436732E-08
 1.102146583722E+11 5.882115256900E-08
 1.102212606239E+11 5.769868668098E-08
 1.102278573813E+11 5.658317585521E-08
 1.102344461723E+11 5.547514341338E-08
 1.102410261440E+11 5.437495866942E-08
 1.102475973318E+11 5.328298735295E-08
 1.102541597708E+11 5.219972563299E-08
 1.102607122412E+11 5.112595410934E-08
 1.102672502248E+11 5.006299076430E-08
 1.102737734004E+11 4.901139742363E-08
 1.102802818681E+11 4.797156606464E-08
 1.102867756001E+11 4.694380224840E-08
 1.102932506472E+11 4.592894211176E-08
 1.102997052415E+11 4.492742209823E-08
 1.103061395757E+11 4.393936637573E-08
 1.103125538393E+11 4.296491216636E-08
 1.103189458544E+11 4.200454638064E-08
 1.103253135848E+11 4.105867959824E-08
 1.103316573050E+11 4.012729867505E-08
 1.103379772775E+11 3.921031609114E-08
 1.103442717554E+11 3.830788310967E-08
 1.103505394829E+11 3.742007142043E-08
 1.103567807980E+11 3.654676852635E-08
 1.103629958453E+11 3.568794653535E-08
 1.103691831405E+11 3.484382014819E-08
 1.103753425961E+11 3.401436930073E-08
 1.103814745846E+11 3.319943597358E-08
 1.103875785495E+11 3.239892507602E-08
 1.103936539812E+11 3.161273917899E-08
 1.103997012762E+11 3.084073942931E-08
 1.104057201316E+11 3.008295689829E-08
 1.104117100953E+11 2.933943404439E-08
 1.104176715471E+11 2.861000398793E-08
 1.104236041119E+11 2.789449498730E-08
 1.104295078644E+11 2.719273229098E-08
 1.104353827788E+11 2.650473195057E-08
 1.104412285903E+11 2.583057661417E-08
 1.104470453045E+11 2.517007179744E-08
 1.104528327709E+11 2.452295930531E-08
 1.104585910341E+11 2.388927050485E-08
 1.104643200048E+11 2.326884039325E-08
 1.104700193311E+11 2.266163471932E-08
 1.104756885490E+11 2.206751639466E-08
 1.104813273806E+11 2.148616311570E-08
 1.104869358092E+11 2.091743241068E-08
 1.104925136299E+11 2.036119401788E-08
 1.104980603580E+11 1.981737741103E-08
 1.105035753589E+11 1.928590396914E-08
 1.105090579118E+11 1.876633874867E-08
 1.105145075943E+11 1.825847773081E-08
 1.105199240753E+11 1.776228747155E-08
 1.105253070203E+11 1.727771778274E-08
 1.105306554325E+11 1.680474455610E-08
 1.105359688596E+11 1.634310604032E-08
 1.105412459502E+11 1.589249870966E-08
 1.105464862800E+11 1.545272208616E-08
 1.105516891158E+11 1.502384602022E-08
 1.105568540724E+11 1.460592763980E-08
 1.105619807473E+11 1.419885178362E-08
 1.105670683541E+11 1.380234594059E-08
 1.105721159448E+11 1.341607525393E-08
 1.105771230156E+11 1.303977700343E-08
 1.105820880324E+11 1.267349881457E-08
 1.105870116184E+11 1.231728368063E-08
 1.105918934077E+11 1.197114715174E-08
 1.105967341936E+11 1.163473624851E-08
 1.106015331521E+11 1.130761410776E-08
 1.106062907330E+11 1.098933074447E-08
 1.106110067244E+11 1.067973333348E-08
 1.106156803363E+11 1.037888262780E-08
 1.106203125931E+11 1.008668902123E-08
 1.106249038119E+11 9.802950861175E-09
 1.106294548763E+11 9.527319182933E-09
 1.106339666075E+11 9.259463158696E-09
 1.106384395823E+11 8.999146140956E-09
 1.106428747762E+11 8.746155359643E-09
 1.106472734561E+11 8.500246491615E-09
 1.106516366968E+11 8.261153053395E-09
 1.106559654409E+11 8.028615610320E-09
 1.106602613259E+11 7.802373200278E-09
 1.106645252754E+11 7.582235601434E-09
 1.106687582495E+11 7.368009462394E-09
 1.106729618257E+11 7.159446890301E-09
 1.106771366883E+11 6.956329592172E-09
 1.106812841963E+11 6.758416695788E-09
 1.106854063604E+11 6.565465080458E-09
 1.106895036760E+11 6.377326822618E-09
 1.106935777923E+11 6.193813208297E-09
 1.106976303933E+11 6.014748176540E-09
 1.107016618402E+11 5.840033386260E-09
 1.107056740477E+11 5.669519255449E-09
 1.107096682464E+11 5.503085627801E-09
 1.107136448044E+11 5.340628055307E-09
 1.107176059092E+11 5.181953076350E-09
 1.107215524019E+11 5.026938706833E-09
 1.107254847409E+11 4.875520952831E-09
 1.107294048041E+11 4.727622787493E-09
 1.107333129841E+11 4.583236107872E-09
 1.107372096868E+11 4.442341777512E-09
 1.107410957065E+11 4.304914345509E-09
 1.107449711529E+11 4.170997502265E-09
 1.107488352348E+11 4.040712976263E-09
 1.107526874298E+11 3.914169840903E-09
 1.107565270293E+11 3.791429598433E-09
 1.107603492393E+11 3.672645731623E-09
 1.107641534752E+11 3.557883520751E-09
 1.107679339089E+11 3.447456073930E-09
 1.107716848652E+11 3.341684267053E-09
 1.107754042104E+11 3.240722803143E-09
 1.107790805226E+11 3.144967032699E-09
 1.107827132289E+11 3.054705053394E-09
 1.107862902969E+11 2.970797680123E-09
 1.107898088133E+11 2.894044046696E-09
 1.107932615297E+11 2.825397994460E-09
 1.107966420842E+11 2.766011304135E-09
 1.107999479160E+11 2.717577597764E-09
 1.108031707379E+11 2.682805104494E-09
 1.108063088202E+11 2.665599417449E-09
 1.108093490678E+11 2.671513379522E-09
 1.108122892767E+11 2.706548268696E-09
 1.108151116188E+11 2.772511500277E-09
 1.108178190568E+11 2.861315987670E-09
 1.108204057707E+11 2.952740597498E-09
 1.108228859424E+11 3.022426177821E-09
 1.108252722728E+11 3.052642682506E-09
 1.108275843273E+11 3.038720700562E-09
 1.108298364042E+11 2.985847988338E-09
 1.108320426660E+11 2.902868121376E-09
 1.108342131240E+11 2.798689939917E-09
