 1.992596497381E+03 # surface pressure
 2400 # surface pressure
# r rho (dimensional)
 0.000000000000E+00 6.705677627963E+01
 1.525035627651E+08 6.705369845846E+01
 3.049990263993E+08 6.704446647009E+01
 4.574875793169E+08 6.702908352091E+01
 6.099638733723E+08 6.700755533852E+01
 7.624254960196E+08 6.697988943742E+01
 9.148674569503E+08 6.694609603851E+01
 1.067286668795E+09 6.690618708041E+01
 1.219679178502E+09 6.686017694614E+01
 1.372041118528E+09 6.680808219726E+01
 1.524368411022E+09 6.674992155240E+01
 1.676658401819E+09 6.668571536068E+01
 1.828905752738E+09 6.661548727146E+01
 1.981107879362E+09 6.653926178201E+01
 2.133260365026E+09 6.645706629399E+01
 2.285360412039E+09 6.636892949670E+01
 2.437402701044E+09 6.627488362044E+01
 2.589385258706E+09 6.617496083663E+01
 2.741302574930E+09 6.606919754484E+01
 2.893153400892E+09 6.595762924746E+01
 3.044931101363E+09 6.584029734171E+01
 3.196634422507E+09 6.571724109253E+01
 3.348258161467E+09 6.558850465143E+01
 3.499799156427E+09 6.545413242288E+01
 3.651255194024E+09 6.531416974213E+01
 3.802619574843E+09 6.516866795716E+01
 3.953891874007E+09 6.501767420493E+01
 4.105066208674E+09 6.486124256583E+01
 4.256139642097E+09 6.469942594394E+01
 4.407110620272E+09 6.453227731696E+01
 4.557971796734E+09 6.435985775590E+01
 4.708722544335E+09 6.418222236959E+01
 4.859358884031E+09 6.399943144289E+01
 5.009875493004E+09 6.381154850500E+01
 5.160272365223E+09 6.361863194400E+01
 5.310541731017E+09 6.342075151160E+01
 5.460680131005E+09 6.321797300841E+01
 5.610686591512E+09 6.301035999046E+01
 5.760551551994E+09 6.279798921221E+01
 5.910273373139E+09 6.258092788909E+01
 6.059850187957E+09 6.235924463314E+01
 6.209274461168E+09 6.213301771857E+01
 6.358545972992E+09 6.190231553449E+01
 6.507661426944E+09 6.166721189937E+01
 6.656614081982E+09 6.142778725560E+01
 6.805404290093E+09 6.118411201022E+01
 6.954029427979E+09 6.093626253669E+01
 7.102486651161E+09 6.068431674082E+01
 7.250776435927E+09 6.042834748812E+01
 7.398893524762E+09 6.016843769168E+01
 7.546835038859E+09 5.990466636194E+01
 7.694600965321E+09 5.963710754138E+01
 7.842182178494E+09 5.936585242043E+01
 7.989576062954E+09 5.909098142066E+01
 8.136781710209E+09 5.881257238513E+01
 8.283789730596E+09 5.853071977620E+01
 8.430599166984E+09 5.824550249626E+01
 8.577208398880E+09 5.795700082398E+01
 8.723611373992E+09 5.766530416303E+01
 8.869808541046E+09 5.737048942663E+01
 9.015796133222E+09 5.707264213214E+01
 9.161569728052E+09 5.677184938490E+01
 9.307129836908E+09 5.646818825763E+01
 9.452469656296E+09 5.616175137725E+01
 9.597587287044E+09 5.585262164842E+01
 9.742481372116E+09 5.554088091512E+01
 9.887144843213E+09 5.522662310579E+01
 1.003157807748E+10 5.490992554652E+01
 1.017577704945E+10 5.459087469784E+01
 1.031973944354E+10 5.426955331725E+01
 1.046346443289E+10 5.394604098679E+01
 1.060694621956E+10 5.362042839702E+01
 1.075018510284E+10 5.329279193265E+01
 1.089317654021E+10 5.296321841146E+01
 1.103591969313E+10 5.263178601040E+01
 1.117841003943E+10 5.229858149775E+01
 1.132064374122E+10 5.196368977895E+01
 1.146261831590E+10 5.162719174835E+01
 1.160432945718E+10 5.128917209903E+01
 1.174577566205E+10 5.094970897805E+01
 1.188695402921E+10 5.060888357250E+01
 1.202786178187E+10 5.026677545363E+01
 1.216849652237E+10 4.992346276016E+01
 1.230885836905E+10 4.957901936993E+01
 1.244894766550E+10 4.923351951204E+01
 1.258876368862E+10 4.888703641890E+01
 1.272830243054E+10 4.853964836438E+01
 1.286755734937E+10 4.819144087998E+01
 1.300652445550E+10 4.784249182342E+01
 1.314520194837E+10 4.749287321539E+01
 1.328322266033E+10 4.714322935047E+01
 1.341936735844E+10 4.679557573775E+01
 1.355366099545E+10 4.644995570462E+01
 1.368623148423E+10 4.610623654600E+01
 1.381719966479E+10 4.576428910212E+01
 1.394665834445E+10 4.542404333583E+01
 1.407470902340E+10 4.508539290206E+01
 1.420143964691E+10 4.474825520234E+01
 1.432690127045E+10 4.441263648282E+01
 1.445120283300E+10 4.407837962265E+01
 1.457438878610E+10 4.374549196555E+01
 1.469649585448E+10 4.341399527042E+01
 1.481761927003E+10 4.308374524944E+01
 1.493779889491E+10 4.275474084069E+01
 1.505705645321E+10 4.242702494716E+01
 1.517543622288E+10 4.210057300204E+01
 1.529300945868E+10 4.177527983466E+01
 1.540979439018E+10 4.145118130747E+01
 1.552580666418E+10 4.112831642615E+01
 1.564107307732E+10 4.080668949898E+01
 1.575565548660E+10 4.048620324773E+01
 1.586957106221E+10 4.016688197090E+01
 1.598283131266E+10 3.984876352493E+01
 1.609544741923E+10 3.953188458799E+01
 1.620745246101E+10 3.921621801719E+01
 1.631889294147E+10 3.890169635137E+01
 1.642977787266E+10 3.858835563336E+01
 1.654011548116E+10 3.827623219766E+01
 1.664991379254E+10 3.796536102024E+01
 1.675918908398E+10 3.765575178900E+01
 1.686798868089E+10 3.734732426236E+01
 1.697632388926E+10 3.704009846489E+01
 1.708420060525E+10 3.673410817297E+01
 1.719162460129E+10 3.642938599362E+01
 1.729860152970E+10 3.612596339679E+01
 1.740514846562E+10 3.582383802459E+01
 1.751130440834E+10 3.552294404195E+01
 1.761707583788E+10 3.522330659175E+01
 1.772246690252E+10 3.492495618563E+01
 1.782748167648E+10 3.462792233247E+01
 1.793212416176E+10 3.433223357044E+01
 1.803639995759E+10 3.403791279860E+01
 1.814034342313E+10 3.374490083054E+01
 1.824396910207E+10 3.345319367065E+01
 1.834727989142E+10 3.316281926882E+01
 1.845027864445E+10 3.287380476362E+01
 1.855296817157E+10 3.258617648033E+01
 1.865535124128E+10 3.229995991913E+01
 1.875743267567E+10 3.201517389885E+01
 1.885924426785E+10 3.173176131942E+01
 1.896079748159E+10 3.144972125026E+01
 1.906209427413E+10 3.116907836366E+01
 1.916313657809E+10 3.088985644658E+01
 1.926392630195E+10 3.061207840266E+01
 1.936446533044E+10 3.033576626554E+01
 1.946475552500E+10 3.006094122159E+01
 1.956481196137E+10 2.978758753170E+01
 1.966465891789E+10 2.951566405073E+01
 1.976429809401E+10 2.924519083992E+01
 1.986373078151E+10 2.897618832827E+01
 1.996295825887E+10 2.870867624772E+01
 2.006198179140E+10 2.844267363539E+01
 2.016080263148E+10 2.817819882348E+01
 2.025942201872E+10 2.791526941727E+01
 2.035785425993E+10 2.765386759725E+01
 2.045611901752E+10 2.739396114284E+01
 2.055421728407E+10 2.713556686792E+01
 2.065214990300E+10 2.687870109754E+01
 2.074991771062E+10 2.662337925234E+01
 2.084752153622E+10 2.636961582012E+01
 2.094496220216E+10 2.611742433992E+01
 2.104224052396E+10 2.586681740037E+01
 2.113936020479E+10 2.561779924939E+01
 2.123633824997E+10 2.537033949198E+01
 2.133317780326E+10 2.512444277582E+01
 2.142987945632E+10 2.488011948389E+01
 2.152644379658E+10 2.463737924278E+01
 2.162287140732E+10 2.439623098303E+01
 2.171916286771E+10 2.415668299977E+01
 2.181531875283E+10 2.391874301011E+01
 2.191133963373E+10 2.368241820474E+01
 2.200722995996E+10 2.344770581452E+01
 2.210300055592E+10 2.321458735040E+01
 2.219865242290E+10 2.298306816597E+01
 2.229418600138E+10 2.275315457725E+01
 2.238960172913E+10 2.252485250030E+01
 2.248490004121E+10 2.229816745246E+01
 2.258008137003E+10 2.207310454949E+01
 2.267514614534E+10 2.184966850060E+01
 2.277009479426E+10 2.162786360362E+01
 2.286492992275E+10 2.140768869321E+01
 2.295966180022E+10 2.118912468501E+01
 2.305429196679E+10 2.097217260382E+01
 2.314882074935E+10 2.075683589283E+01
 2.324324847308E+10 2.054311760445E+01
 2.333757546140E+10 2.033102041603E+01
 2.343180203602E+10 2.012054664793E+01
 2.352592851693E+10 1.991169828272E+01
 2.361995522244E+10 1.970447698410E+01
 2.371388253558E+10 1.949888396928E+01
 2.380771831859E+10 1.929490396663E+01
 2.390146797523E+10 1.909252716936E+01
 2.399513174221E+10 1.889175484384E+01
 2.408870985517E+10 1.869258798446E+01
 2.418220254867E+10 1.849502731026E+01
 2.427561005619E+10 1.829907325788E+01
 2.436893261016E+10 1.810472597148E+01
 2.446217044196E+10 1.791198529112E+01
 2.455532378191E+10 1.772085074048E+01
 2.464839363330E+10 1.753131994547E+01
 2.474138909179E+10 1.734337394845E+01
 2.483431285058E+10 1.715700678603E+01
 2.492716507527E+10 1.697221731213E+01
 2.501994593079E+10 1.678900403459E+01
 2.511265558148E+10 1.660736512195E+01
 2.520529419102E+10 1.642729841457E+01
 2.529786192246E+10 1.624880143965E+01
 2.539035893826E+10 1.607187142922E+01
 2.548278540022E+10 1.589650534010E+01
 2.557514222045E+10 1.572269846729E+01
 2.566743700330E+10 1.555043347758E+01
 2.575967178146E+10 1.537970355037E+01
 2.585184667180E+10 1.521050528058E+01
 2.594396179083E+10 1.504283507126E+01
 2.603601725468E+10 1.487668914139E+01
 2.612801317910E+10 1.471206352938E+01
 2.621994967947E+10 1.454895409192E+01
 2.631182687079E+10 1.438735649881E+01
 2.640364486769E+10 1.422726622430E+01
 2.649540403968E+10 1.406867809643E+01
 2.658711062447E+10 1.391157672994E+01
 2.667876731796E+10 1.375595286348E+01
 2.677037420151E+10 1.360180152305E+01
 2.686193135622E+10 1.344911747197E+01
 2.695343886300E+10 1.329789520183E+01
 2.704489680252E+10 1.314812892686E+01
 2.713630525525E+10 1.299981258224E+01
 2.722766430142E+10 1.285293982669E+01
 2.731897402107E+10 1.270750404944E+01
 2.741023449401E+10 1.256349838127E+01
 2.750144789674E+10 1.242091244677E+01
 2.759261669400E+10 1.227973532299E+01
 2.768374095374E+10 1.213995967796E+01
 2.777482074117E+10 1.200157799637E+01
 2.786585612135E+10 1.186458259704E+01
 2.795684715916E+10 1.172896565393E+01
 2.804779391933E+10 1.159471921572E+01
 2.813869646645E+10 1.146183522333E+01
 2.822955486493E+10 1.133030552464E+01
 2.832036917903E+10 1.120012188617E+01
 2.841113982168E+10 1.107127550873E+01
 2.850186819892E+10 1.094375615571E+01
 2.859255450271E+10 1.081755527988E+01
 2.868319879152E+10 1.069266445684E+01
 2.877380112369E+10 1.056907519220E+01
 2.886436155744E+10 1.044677891736E+01
 2.895488015084E+10 1.032576698449E+01
 2.904535696182E+10 1.020603066132E+01
 2.913579204819E+10 1.008756112641E+01
 2.922618546763E+10 9.970349465426E+00
 2.931653727526E+10 9.854386672079E+00
 2.940684747149E+10 9.739663713551E+00
 2.949711608971E+10 9.626171419108E+00
 2.958734318728E+10 9.513900497331E+00
 2.967752882145E+10 9.402841573310E+00
 2.976767304933E+10 9.292985196625E+00
 2.985777592789E+10 9.184321850950E+00
 2.994783751399E+10 9.076841964879E+00
 3.003785786435E+10 8.970535923551E+00
 3.012783703554E+10 8.865394080589E+00
 3.021777508405E+10 8.761406769878E+00
 3.030767125195E+10 8.658565243269E+00
 3.039752431356E+10 8.556861241465E+00
 3.048733431492E+10 8.456285037885E+00
 3.057710131791E+10 8.356826906751E+00
 3.066682538420E+10 8.258477146828E+00
 3.075650657537E+10 8.161226085016E+00
 3.084614495281E+10 8.065064078130E+00
 3.093574057777E+10 7.969981512981E+00
 3.102529351139E+10 7.875968804951E+00
 3.111480381461E+10 7.783016395309E+00
 3.120427113913E+10 7.691115165585E+00
 3.129369368216E+10 7.600257466720E+00
 3.138307128129E+10 7.510433941705E+00
 3.147240400421E+10 7.421635006616E+00
 3.156169191846E+10 7.333851084523E+00
 3.165093509140E+10 7.247072602296E+00
 3.174013359020E+10 7.161289988438E+00
 3.182928748191E+10 7.076493672145E+00
 3.191839683337E+10 6.992674083751E+00
 3.200746171127E+10 6.909821656631E+00
 3.209648192675E+10 6.827927064210E+00
 3.218545473347E+10 6.746983294315E+00
 3.227437943077E+10 6.666981408785E+00
 3.236325609661E+10 6.587911776083E+00
 3.245208480873E+10 6.509764799693E+00
 3.254086564468E+10 6.432530926539E+00
 3.262959868178E+10 6.356200655575E+00
 3.271828399715E+10 6.280764546187E+00
 3.280692166771E+10 6.206213226061E+00
 3.289551177015E+10 6.132537398167E+00
 3.298405420428E+10 6.059727991061E+00
 3.307254620292E+10 5.987778168280E+00
 3.316098686041E+10 5.916679589912E+00
 3.324937626601E+10 5.846423185086E+00
 3.333771450871E+10 5.776999974233E+00
 3.342600167727E+10 5.708401066727E+00
 3.351423786017E+10 5.640617657074E+00
 3.360242314563E+10 5.573641019897E+00
 3.369055762164E+10 5.507462504050E+00
 3.377864137591E+10 5.442073526267E+00
 3.386667420361E+10 5.377465778053E+00
 3.395465360215E+10 5.313632654058E+00
 3.404257905909E+10 5.250566094514E+00
 3.413045067353E+10 5.188257636405E+00
 3.421826854428E+10 5.126698862386E+00
 3.430603276981E+10 5.065881399729E+00
 3.439374344832E+10 5.005796920981E+00
 3.448140067770E+10 4.946437146286E+00
 3.456900455555E+10 4.887793847194E+00
 3.465655517915E+10 4.829858851702E+00
 3.474405157811E+10 4.772624744330E+00
 3.483149117469E+10 4.716085179401E+00
 3.491887395057E+10 4.660232180815E+00
 3.500620001637E+10 4.605057770168E+00
 3.509346948236E+10 4.550554056413E+00
 3.518068245844E+10 4.496713239035E+00
 3.526783905419E+10 4.443527609548E+00
 3.535493937879E+10 4.390989551174E+00
 3.544198354111E+10 4.339091536690E+00
 3.552897145384E+10 4.287826239315E+00
 3.561590073311E+10 4.237187737294E+00
 3.570277074074E+10 4.187169116907E+00
 3.578958159782E+10 4.137763083586E+00
 3.587633342501E+10 4.088962405501E+00
 3.596302634256E+10 4.040759907455E+00
 3.604966047032E+10 3.993148465871E+00
 3.613623592772E+10 3.946121005322E+00
 3.622275283382E+10 3.899670496888E+00
 3.630921120501E+10 3.853790012407E+00
 3.639560864433E+10 3.808473928590E+00
 3.648194419862E+10 3.763715870075E+00
 3.656821800066E+10 3.719508942124E+00
 3.665443018277E+10 3.675846316822E+00
 3.674058087680E+10 3.632721239728E+00
 3.682667021413E+10 3.590127036275E+00
 3.691269832566E+10 3.548057117346E+00
 3.699866534183E+10 3.506504983524E+00
 3.708457101019E+10 3.465464409288E+00
 3.717041294481E+10 3.424930254901E+00
 3.725619082850E+10 3.384896457436E+00
 3.734190480442E+10 3.345356822604E+00
 3.742755501520E+10 3.306305241627E+00
 3.751314160294E+10 3.267735685628E+00
 3.759866470921E+10 3.229642199571E+00
 3.768412447506E+10 3.192018896292E+00
 3.776952102561E+10 3.154859957853E+00
 3.785485280154E+10 3.118160344319E+00
 3.794011880031E+10 3.081914801967E+00
 3.802531917378E+10 3.046117626924E+00
 3.811045407326E+10 3.010763170742E+00
 3.819552364945E+10 2.975845841634E+00
 3.828052805250E+10 2.941360106545E+00
 3.836546743195E+10 2.907300493579E+00
 3.845034190332E+10 2.873661607517E+00
 3.853514986798E+10 2.840438785175E+00
 3.861989049652E+10 2.807627101743E+00
 3.870456394908E+10 2.775221305033E+00
 3.878917038516E+10 2.743216209223E+00
 3.887370996364E+10 2.711606693148E+00
 3.895818284275E+10 2.680387698242E+00
 3.904258918013E+10 2.649554226589E+00
 3.912692857367E+10 2.619101540246E+00
 3.921119940082E+10 2.589025383645E+00
 3.929540169567E+10 2.559320950510E+00
 3.937953562515E+10 2.529983448405E+00
 3.946360135551E+10 2.501008149929E+00
 3.954759905233E+10 2.472390395819E+00
 3.963152888051E+10 2.444125597778E+00
 3.971539052491E+10 2.416209399014E+00
 3.979918272300E+10 2.388637818244E+00
 3.988290555185E+10 2.361406490795E+00
 3.996655918346E+10 2.334511088177E+00
 4.005014378911E+10 2.307947344403E+00
 4.013365953940E+10 2.281711049115E+00
 4.021710655072E+10 2.255798057042E+00
 4.030048382444E+10 2.230204604664E+00
 4.038379105935E+10 2.204926739719E+00
 4.046702843166E+10 2.179960397902E+00
 4.055019611685E+10 2.155301553598E+00
 4.063329428964E+10 2.130946223763E+00
 4.071632300485E+10 2.106890507624E+00
 4.079928125369E+10 2.083130858836E+00
 4.088216891228E+10 2.059663523538E+00
 4.096498616050E+10 2.036484717776E+00
 4.104773317750E+10 2.013590713708E+00
 4.113041013047E+10 1.990977836942E+00
 4.121301634900E+10 1.968642680853E+00
 4.129555148562E+10 1.946581778238E+00
 4.137801572352E+10 1.924791547782E+00
 4.146040924509E+10 1.903268440851E+00
 4.154273207410E+10 1.882008988120E+00
 4.162498346708E+10 1.861009962208E+00
 4.170716345911E+10 1.840267990700E+00
 4.178927223581E+10 1.819779732853E+00
 4.187130985244E+10 1.799541953845E+00
 4.195327584957E+10 1.779551610732E+00
 4.203517032657E+10 1.759805574238E+00
 4.211699344294E+10 1.740300735279E+00
 4.219874488668E+10 1.721034109921E+00
 4.228042466041E+10 1.702002636587E+00
 4.236203279384E+10 1.683203249190E+00
 4.244356903658E+10 1.664632982221E+00
 4.252503341383E+10 1.646288896687E+00
 4.260642581239E+10 1.628168105376E+00
 4.268774610684E+10 1.610267743801E+00
 4.276899420437E+10 1.592584960011E+00
 4.285017004470E+10 1.575116987654E+00
 4.293127357889E+10 1.557861052355E+00
 4.301230460634E+10 1.540814432698E+00
 4.309326330897E+10 1.523974378163E+00
 4.317414939805E+10 1.507338288498E+00
 4.325496276391E+10 1.490903562845E+00
 4.333570360234E+10 1.474667564478E+00
 4.341637191973E+10 1.458627718483E+00
 4.349696717193E+10 1.442781583863E+00
 4.357748948208E+10 1.427126618788E+00
 4.365793904789E+10 1.411660306960E+00
 4.373831600201E+10 1.396380187332E+00
 4.381861972651E+10 1.381283980661E+00
 4.389885017452E+10 1.366369333986E+00
 4.397900754626E+10 1.351633881533E+00
 4.405909204106E+10 1.337075288063E+00
 4.413910379741E+10 1.322691256780E+00
 4.421904209793E+10 1.308479668040E+00
 4.429890683472E+10 1.294438314941E+00
 4.437869821050E+10 1.280564962168E+00
 4.445841642705E+10 1.266857403716E+00
 4.453806168526E+10 1.253313464121E+00
 4.461763398541E+10 1.239931032570E+00
 4.469713244935E+10 1.226708173236E+00
 4.477655712107E+10 1.213642822177E+00
 4.485590820569E+10 1.200732917917E+00
 4.493518590734E+10 1.187976427534E+00
 4.501439042926E+10 1.175371345360E+00
 4.509352197359E+10 1.162915691928E+00
 4.517257994033E+10 1.150607637305E+00
 4.525156377425E+10 1.138445364340E+00
 4.533047368349E+10 1.126426960460E+00
 4.540930987525E+10 1.114550539030E+00
 4.548807255574E+10 1.102814239894E+00
 4.556676193021E+10 1.091216229906E+00
 4.564537820296E+10 1.079754703332E+00
 4.572392108561E+10 1.068427952533E+00
 4.580238969352E+10 1.057234378679E+00
 4.588078419729E+10 1.046172255022E+00
 4.595910480646E+10 1.035239875383E+00
 4.603735172959E+10 1.024435558903E+00
 4.611552517428E+10 1.013757648861E+00
 4.619362534714E+10 1.003204511439E+00
 4.627165245382E+10 9.927745345438E-01
 4.634960610924E+10 9.824662043500E-01
 4.642748545421E+10 9.722780851603E-01
 4.650529067886E+10 9.622086195628E-01
 4.658302199441E+10 9.522562664969E-01
 4.666067961108E+10 9.424195041843E-01
 4.673826373810E+10 9.326968303497E-01
 4.681577458372E+10 9.230867626226E-01
 4.689321235520E+10 9.135878390527E-01
 4.697057722137E+10 9.041986231901E-01
 4.704786824478E+10 8.949178319322E-01
 4.712508509920E+10 8.857441260293E-01
 4.720222799773E+10 8.766761228090E-01
 4.727929715247E+10 8.677124622537E-01
 4.735629277450E+10 8.588518069596E-01
 4.743321507389E+10 8.500928419031E-01
 4.751006425973E+10 8.414342740248E-01
 4.758684054009E+10 8.328748316521E-01
 4.766354412208E+10 8.244132637910E-01
 4.774017455348E+10 8.160484108070E-01
 4.781673111704E+10 8.077791574628E-01
 4.789321401942E+10 7.996043042264E-01
 4.796962347282E+10 7.915226682883E-01
 4.804595968846E+10 7.835330834646E-01
 4.812222287653E+10 7.756343994468E-01
 4.819841324620E+10 7.678254811391E-01
 4.827453100567E+10 7.601052080911E-01
 4.835057636214E+10 7.524724740293E-01
 4.842654952183E+10 7.449261864841E-01
 4.850244992087E+10 7.374653417132E-01
 4.857827687390E+10 7.300889578287E-01
 4.865403059245E+10 7.227959766076E-01
 4.872971128832E+10 7.155853529215E-01
 4.880531917226E+10 7.084560547942E-01
 4.888085445402E+10 7.014070633525E-01
 4.895631734236E+10 6.944373727870E-01
 4.903170804501E+10 6.875459903115E-01
 4.910702676875E+10 6.807319361155E-01
 4.918227371933E+10 6.739942433044E-01
 4.925744896669E+10 6.673319697166E-01
 4.933255138902E+10 6.607442893674E-01
 4.940758085998E+10 6.542302981352E-01
 4.948253759173E+10 6.477890743346E-01
 4.955742179544E+10 6.414197088308E-01
 4.963223368122E+10 6.351213048992E-01
 4.970697345819E+10 6.288929780763E-01
 4.978164133446E+10 6.227338560077E-01
 4.985623751713E+10 6.166430782899E-01
 4.993076221234E+10 6.106197963102E-01
 5.000521562520E+10 6.046631730831E-01
 5.007959791758E+10 5.987723864144E-01
 5.015390804626E+10 5.929467191854E-01
 5.022814564291E+10 5.871854092858E-01
 5.030231091951E+10 5.814876594034E-01
 5.037640408701E+10 5.758526831070E-01
 5.045042535533E+10 5.702797046527E-01
 5.052437493337E+10 5.647679587855E-01
 5.059825302903E+10 5.593166905389E-01
 5.067205984921E+10 5.539251550339E-01
 5.074579559979E+10 5.485926172800E-01
 5.081946048569E+10 5.433183519806E-01
 5.089305471082E+10 5.381016433460E-01
 5.096657826697E+10 5.329417996632E-01
 5.104002990335E+10 5.278382236366E-01
 5.111340955428E+10 5.227902418288E-01
 5.118671743098E+10 5.177971702081E-01
 5.125995374365E+10 5.128583336363E-01
 5.133311870148E+10 5.079730657678E-01
 5.140621251261E+10 5.031407089673E-01
 5.147923538421E+10 4.983606142407E-01
 5.155218752241E+10 4.936321411804E-01
 5.162506913237E+10 4.889546579192E-01
 5.169788041825E+10 4.843275410899E-01
 5.177062158322E+10 4.797501757866E-01
 5.184329279806E+10 4.752219574724E-01
 5.191589297390E+10 4.707423671894E-01
 5.198842164365E+10 4.663108533414E-01
 5.206087901817E+10 4.619268301681E-01
 5.213326530731E+10 4.575897201703E-01
 5.220558071986E+10 4.532989539979E-01
 5.227782546363E+10 4.490539703197E-01
 5.234999974538E+10 4.448542156726E-01
 5.242210377089E+10 4.406991442924E-01
 5.249413774491E+10 4.365882179291E-01
 5.256610187124E+10 4.325209056480E-01
 5.263799635265E+10 4.284966836217E-01
 5.270982139096E+10 4.245150349178E-01
 5.278157704021E+10 4.205754573060E-01
 5.285326200188E+10 4.166775278610E-01
 5.292487609233E+10 4.128207670285E-01
 5.299641952135E+10 4.090046796818E-01
 5.306789249769E+10 4.052287767177E-01
 5.313929522907E+10 4.014925749125E-01
 5.321062792221E+10 3.977955968035E-01
 5.328189078279E+10 3.941373705986E-01
 5.335308401552E+10 3.905174301133E-01
 5.342420782407E+10 3.869353147369E-01
 5.349526241117E+10 3.833905694243E-01
 5.356624797851E+10 3.798827447136E-01
 5.363716472685E+10 3.764113967642E-01
 5.370801284398E+10 3.729760879901E-01
 5.377879129412E+10 3.695764449754E-01
 5.384949945864E+10 3.662120781114E-01
 5.392013754649E+10 3.628825634034E-01
 5.399070576561E+10 3.595874829145E-01
 5.406120432293E+10 3.563264248291E-01
 5.413163342434E+10 3.530989835030E-01
 5.420199327471E+10 3.499047594957E-01
 5.427228407794E+10 3.467433595813E-01
 5.434250603688E+10 3.436143967349E-01
 5.441265935344E+10 3.405174900932E-01
 5.448274422852E+10 3.374522648877E-01
 5.455276086203E+10 3.344183523511E-01
 5.462270945294E+10 3.314153895972E-01
 5.469259004139E+10 3.284430261594E-01
 5.476240137135E+10 3.255009712301E-01
 5.483214329595E+10 3.225888910124E-01
 5.490181602178E+10 3.197064418210E-01
 5.497141975442E+10 3.168532850219E-01
 5.504095469841E+10 3.140290868195E-01
 5.511042105732E+10 3.112335180431E-01
 5.517981903367E+10 3.084662539376E-01
 5.524914882903E+10 3.057269739637E-01
 5.531841064395E+10 3.030153616099E-01
 5.538760467801E+10 3.003311042212E-01
 5.545673112983E+10 2.976738928460E-01
 5.552579019703E+10 2.950434221037E-01
 5.559478207630E+10 2.924393900745E-01
 5.566370686984E+10 2.898615016925E-01
 5.573256329980E+10 2.873095159534E-01
 5.580135106175E+10 2.847831575254E-01
 5.587007036074E+10 2.822821351947E-01
 5.593872140077E+10 2.798061610343E-01
 5.600730438484E+10 2.773549504078E-01
 5.607581951496E+10 2.749282219840E-01
 5.614426699213E+10 2.725256977597E-01
 5.621264701634E+10 2.701471030861E-01
 5.628095978664E+10 2.677921666966E-01
 5.634920550107E+10 2.654606207325E-01
 5.641738435670E+10 2.631522007622E-01
 5.648549654967E+10 2.608666457941E-01
 5.655354227511E+10 2.586036982787E-01
 5.662152172725E+10 2.563631040988E-01
 5.668943429170E+10 2.541446388132E-01
 5.675727876880E+10 2.519480992563E-01
 5.682505533816E+10 2.497732399202E-01
 5.689276420328E+10 2.476198178013E-01
 5.696040556666E+10 2.454875931446E-01
 5.702797962977E+10 2.433763293608E-01
 5.709548659310E+10 2.412857929347E-01
 5.716292665614E+10 2.392157533287E-01
 5.723030001740E+10 2.371659828825E-01
 5.729760687440E+10 2.351362567124E-01
 5.736484742369E+10 2.331263526123E-01
 5.743202186085E+10 2.311360509584E-01
 5.749913038052E+10 2.291651346203E-01
 5.756617317635E+10 2.272133888809E-01
 5.763315042899E+10 2.252806017125E-01
 5.770006091654E+10 2.233666032742E-01
 5.776690387138E+10 2.214712117052E-01
 5.783367949756E+10 2.195942192019E-01
 5.790038799814E+10 2.177354201861E-01
 5.796702957514E+10 2.158946112925E-01
 5.803360442957E+10 2.140715913653E-01
 5.810011276145E+10 2.122661614650E-01
 5.816655476979E+10 2.104781248830E-01
 5.823293065260E+10 2.087072871621E-01
 5.829924060694E+10 2.069534561211E-01
 5.836548482886E+10 2.052164418817E-01
 5.843166351346E+10 2.034960568957E-01
 5.849777685486E+10 2.017921159692E-01
 5.856382504625E+10 2.001044362840E-01
 5.862980826732E+10 1.984328377288E-01
 5.869572522593E+10 1.967771793680E-01
 5.876157510391E+10 1.951373096248E-01
 5.882735810565E+10 1.935130533184E-01
 5.889307443449E+10 1.919042376872E-01
 5.895872429274E+10 1.903106923591E-01
 5.902430788169E+10 1.887322493136E-01
 5.908982540163E+10 1.871687428332E-01
 5.915527705182E+10 1.856200094490E-01
 5.922066303054E+10 1.840858878768E-01
 5.928598353508E+10 1.825662189501E-01
 5.935123876172E+10 1.810608455469E-01
 5.941642890578E+10 1.795696125155E-01
 5.948155416160E+10 1.780923665990E-01
 5.954661472257E+10 1.766289563607E-01
 5.961161078109E+10 1.751792321122E-01
 5.967654147945E+10 1.737430689556E-01
 5.974140549856E+10 1.723203528966E-01
 5.980620303100E+10 1.709109376537E-01
 5.987093428080E+10 1.695146782241E-01
 5.993559945097E+10 1.681314311211E-01
 6.000019874344E+10 1.667610543423E-01
 6.006473235917E+10 1.654034073466E-01
 6.012920049804E+10 1.640583510406E-01
 6.019360335897E+10 1.627257477722E-01
 6.025794113984E+10 1.614054613324E-01
 6.032221403756E+10 1.600973569633E-01
 6.038642224802E+10 1.588013013724E-01
 6.045056596614E+10 1.575171627503E-01
 6.051464538587E+10 1.562448107921E-01
 6.057866070019E+10 1.549841167199E-01
 6.064261168920E+10 1.537349613193E-01
 6.070649661106E+10 1.524972560346E-01
 6.077031542289E+10 1.512708801621E-01
 6.083406832949E+10 1.500557097637E-01
 6.089775553462E+10 1.488516225570E-01
 6.096137724100E+10 1.476584979218E-01
 6.102493365029E+10 1.464762169001E-01
 6.108842496313E+10 1.453046621908E-01
 6.115185137913E+10 1.441437181372E-01
 6.121521309690E+10 1.429932707094E-01
 6.127851031400E+10 1.418532074803E-01
 6.134174322703E+10 1.407234175959E-01
 6.140491203157E+10 1.396037917414E-01
 6.146801692220E+10 1.384942221026E-01
 6.153105809255E+10 1.373946023253E-01
 6.159403570961E+10 1.363048279128E-01
 6.165694840361E+10 1.352248219853E-01
 6.171979545519E+10 1.341544970945E-01
 6.178257706938E+10 1.330937510245E-01
 6.184529345016E+10 1.320424828280E-01
 6.190794480045E+10 1.310005927847E-01
 6.197053132213E+10 1.299679823642E-01
 6.203305321602E+10 1.289445541917E-01
 6.209551068193E+10 1.279302120188E-01
 6.215790391860E+10 1.269248606975E-01
 6.222023312380E+10 1.259284061598E-01
 6.228249849426E+10 1.249407554011E-01
 6.234470022570E+10 1.239618164679E-01
 6.240683851287E+10 1.229914984500E-01
 6.246891354948E+10 1.220297114750E-01
 6.253092552831E+10 1.210763667069E-01
 6.259287402991E+10 1.201313856339E-01
 6.265475750676E+10 1.191947074888E-01
 6.271657605587E+10 1.182662471218E-01
 6.277832988119E+10 1.173459187981E-01
 6.284001918558E+10 1.164336378545E-01
 6.290164417086E+10 1.155293206997E-01
 6.296320503779E+10 1.146328848141E-01
 6.302470198610E+10 1.137442487473E-01
 6.308613521447E+10 1.128633321130E-01
 6.314750492057E+10 1.119900555815E-01
 6.320881130103E+10 1.111243408696E-01
 6.327005455148E+10 1.102661107273E-01
 6.333123486655E+10 1.094152889224E-01
 6.339235243986E+10 1.085718002224E-01
 6.345340746404E+10 1.077355703743E-01
 6.351440001563E+10 1.069065276412E-01
 6.357532861513E+10 1.060846220708E-01
 6.363619291416E+10 1.052697888445E-01
 6.369699311586E+10 1.044619565090E-01
 6.375772942232E+10 1.036610544907E-01
 6.381840203455E+10 1.028670130713E-01
 6.387901115254E+10 1.020797633643E-01
 6.393955697520E+10 1.012992372919E-01
 6.400003970041E+10 1.005253675646E-01
 6.406045952505E+10 9.975808766193E-02
 6.412081664495E+10 9.899733181558E-02
 6.418111125493E+10 9.824303499407E-02
 6.424134354881E+10 9.749513288994E-02
 6.430151371940E+10 9.675356190864E-02
 6.436162195854E+10 9.601825915939E-02
 6.442166845524E+10 9.528916246956E-02
 6.448165220525E+10 9.456622467226E-02
 6.454157238697E+10 9.384939667255E-02
 6.460142920207E+10 9.313861758839E-02
 6.466122285117E+10 9.243382723039E-02
 6.472095353382E+10 9.173496609776E-02
 6.478062144852E+10 9.104197537413E-02
 6.484022679274E+10 9.035479692301E-02
 6.489976976291E+10 8.967337328280E-02
 6.495925055444E+10 8.899764766107E-02
 6.501866936171E+10 8.832756392817E-02
 6.507802637809E+10 8.766306661007E-02
 6.513732179596E+10 8.700410088048E-02
 6.519655580670E+10 8.635061255238E-02
 6.525572860070E+10 8.570254806904E-02
 6.531484036736E+10 8.505985449479E-02
 6.537389021929E+10 8.442249107552E-02
 6.543287708606E+10 8.379041926849E-02
 6.549180116671E+10 8.316358727474E-02
 6.555066266132E+10 8.254194387297E-02
 6.560946176889E+10 8.192543843428E-02
 6.566819868736E+10 8.131402091517E-02
 6.572687361364E+10 8.070764185157E-02
 6.578548674362E+10 8.010625235384E-02
 6.584403827211E+10 7.950980410289E-02
 6.590252839295E+10 7.891824934713E-02
 6.596095729894E+10 7.833154090028E-02
 6.601932518188E+10 7.774963213976E-02
 6.607763223257E+10 7.717247700540E-02
 6.613587864081E+10 7.660002999827E-02
 6.619406457288E+10 7.603224639837E-02
 6.625218880948E+10 7.546909540438E-02
 6.631025071211E+10 7.491054080739E-02
 6.636825048091E+10 7.435653873864E-02
 6.642618831492E+10 7.380704588633E-02
 6.648406441212E+10 7.326201948775E-02
 6.654187896945E+10 7.272141731942E-02
 6.659963218281E+10 7.218519768517E-02
 6.665732424703E+10 7.165331940227E-02
 6.671495535596E+10 7.112574178537E-02
 6.677252570238E+10 7.060242462876E-02
 6.683003547809E+10 7.008332818700E-02
 6.688748487387E+10 6.956841315421E-02
 6.694487407950E+10 6.905764064267E-02
 6.700220328377E+10 6.855097216085E-02
 6.705947222294E+10 6.804837354055E-02
 6.711667962390E+10 6.754981961399E-02
 6.717382557253E+10 6.705527346660E-02
 6.723091026644E+10 6.656469751531E-02
 6.728793390217E+10 6.607805448573E-02
 6.734489667525E+10 6.559530739836E-02
 6.740179878013E+10 6.511641955783E-02
 6.745864041025E+10 6.464135454512E-02
 6.751542175800E+10 6.417007621316E-02
 6.757214301479E+10 6.370254868568E-02
 6.762880437099E+10 6.323873635917E-02
 6.768540601597E+10 6.277860390790E-02
 6.774194813812E+10 6.232211629143E-02
 6.779843092481E+10 6.186923876445E-02
 6.785485419672E+10 6.141993979064E-02
 6.791121672179E+10 6.097419636252E-02
 6.796751855360E+10 6.053197542982E-02
 6.802375988780E+10 6.009324315232E-02
 6.807994091898E+10 5.965796605559E-02
 6.813606184071E+10 5.922611104177E-02
 6.819212284551E+10 5.879764539855E-02
 6.824812412488E+10 5.837253680598E-02
 6.830406586930E+10 5.795075334074E-02
 6.835994826826E+10 5.753226347781E-02
 6.841577151020E+10 5.711703608937E-02
 6.847153578262E+10 5.670504044110E-02
 6.852724127199E+10 5.629624618604E-02
 6.858288815981E+10 5.589062338548E-02
 6.863847563244E+10 5.548814964305E-02
 6.869400310955E+10 5.508880104857E-02
 6.874947078498E+10 5.469254837550E-02
 6.880487885153E+10 5.429936273879E-02
 6.886022750097E+10 5.390921558350E-02
 6.891551692404E+10 5.352207867445E-02
 6.897074731045E+10 5.313792408727E-02
 6.902591884892E+10 5.275672420140E-02
 6.908103172716E+10 5.237845169502E-02
 6.913608613187E+10 5.200307954217E-02
 6.919108224879E+10 5.163058101200E-02
 6.924602026265E+10 5.126092966981E-02
 6.930090034874E+10 5.089409943627E-02
 6.935572175810E+10 5.053007064401E-02
 6.941048404874E+10 5.016882174609E-02
 6.946518741152E+10 4.981032726182E-02
 6.951983203626E+10 4.945456203131E-02
 6.957441811177E+10 4.910150121797E-02
 6.962894582583E+10 4.875112030940E-02
 6.968341536525E+10 4.840339511608E-02
 6.973782691583E+10 4.805830176769E-02
 6.979218066237E+10 4.771581670689E-02
 6.984647678871E+10 4.737591668058E-02
 6.990071547772E+10 4.703857872895E-02
 6.995489691129E+10 4.670378017264E-02
 7.000902082202E+10 4.637150134227E-02
 7.006308649082E+10 4.604172548985E-02
 7.011709407966E+10 4.571443063687E-02
 7.017104377534E+10 4.538959487458E-02
 7.022493576361E+10 4.506719651170E-02
 7.027877022926E+10 4.474721406585E-02
 7.033254735611E+10 4.442962625835E-02
 7.038626732696E+10 4.411441201271E-02
 7.043993032369E+10 4.380155045689E-02
 7.049353652717E+10 4.349102092941E-02
 7.054708611735E+10 4.318280298865E-02
 7.060057923355E+10 4.287687665079E-02
 7.065401522295E+10 4.257322665313E-02
 7.070739393630E+10 4.227183503270E-02
 7.076071555738E+10 4.197268218546E-02
 7.081398026899E+10 4.167574879334E-02
 7.086718825296E+10 4.138101583115E-02
 7.092033969015E+10 4.108846456897E-02
 7.097343476047E+10 4.079807656892E-02
 7.102647364287E+10 4.050983367602E-02
 7.107945651534E+10 4.022371800314E-02
 7.113238355497E+10 3.993971191054E-02
 7.118525478944E+10 3.965779877019E-02
 7.123806960967E+10 3.937796548742E-02
 7.129082808113E+10 3.910019548500E-02
 7.134353038377E+10 3.882447171024E-02
 7.139617669662E+10 3.855077722924E-02
 7.144876719775E+10 3.827909520938E-02
 7.150130206428E+10 3.800940890946E-02
 7.155378147240E+10 3.774170167890E-02
 7.160620559739E+10 3.747595696650E-02
 7.165857461358E+10 3.721215833848E-02
 7.171088846350E+10 3.695029065650E-02
 7.176314666983E+10 3.669034100554E-02
 7.181534937038E+10 3.643229356322E-02
 7.186749674164E+10 3.617613255126E-02
 7.191958895916E+10 3.592184246118E-02
 7.197162619757E+10 3.566940807144E-02
 7.202360863059E+10 3.541881445165E-02
 7.207553643102E+10 3.517004695162E-02
 7.212740977074E+10 3.492309117480E-02
 7.217922852745E+10 3.467793432075E-02
 7.223099237250E+10 3.443456467881E-02
 7.228270147160E+10 3.419296827864E-02
 7.233435599810E+10 3.395313116212E-02
 7.238595612442E+10 3.371503938057E-02
 7.243750202207E+10 3.347867897030E-02
 7.248899386166E+10 3.324403595369E-02
 7.254043181239E+10 3.301109637196E-02
 7.259181566605E+10 3.277984803099E-02
 7.264314526926E+10 3.255027860387E-02
 7.269442079348E+10 3.232237453611E-02
 7.274564240928E+10 3.209612261346E-02
 7.279681028633E+10 3.187151002461E-02
 7.284792459342E+10 3.164852437876E-02
 7.289898546815E+10 3.142715379331E-02
 7.294999265119E+10 3.120738835113E-02
 7.300094617389E+10 3.098921694560E-02
 7.305184620525E+10 3.077262777247E-02
 7.310269291339E+10 3.055760875253E-02
 7.315348646553E+10 3.034414742857E-02
 7.320422688873E+10 3.013223157799E-02
 7.325491400601E+10 2.992184966252E-02
 7.330554796911E+10 2.971298896705E-02
 7.335612894492E+10 2.950563732381E-02
 7.340665707389E+10 2.929978351799E-02
 7.345713224375E+10 2.909541798309E-02
 7.350755454479E+10 2.889253005431E-02
 7.355792413680E+10 2.869110713464E-02
 7.360824100858E+10 2.849113502517E-02
 7.365850523855E+10 2.829260063609E-02
 7.370871689272E+10 2.809549743628E-02
 7.375887600295E+10 2.789981137948E-02
 7.380898263075E+10 2.770553172832E-02
 7.385903684775E+10 2.751264743297E-02
 7.390903873695E+10 2.732114730468E-02
 7.395898829575E+10 2.713102058796E-02
 7.400888568310E+10 2.694225610788E-02
 7.405873095821E+10 2.675484322950E-02
 7.410852406529E+10 2.656877183717E-02
 7.415826516077E+10 2.638403107595E-02
 7.420795440730E+10 2.620061013926E-02
 7.425759179056E+10 2.601849896452E-02
 7.430717724698E+10 2.583768777250E-02
 7.435671093835E+10 2.565816607961E-02
 7.440619302645E+10 2.547992352653E-02
 7.445562365976E+10 2.530294991071E-02
 7.450500268058E+10 2.512723620778E-02
 7.455433011146E+10 2.495277281292E-02
 7.460360611377E+10 2.477954970429E-02
 7.465283084803E+10 2.460755695152E-02
 7.470200447392E+10 2.443678472817E-02
 7.475112702532E+10 2.426722375560E-02
 7.480019828260E+10 2.409886573731E-02
 7.484921838018E+10 2.393170127216E-02
 7.489818747773E+10 2.376572099961E-02
 7.494710573410E+10 2.360091568025E-02
 7.499597330733E+10 2.343727618072E-02
 7.504479032577E+10 2.327479355165E-02
 7.509355652496E+10 2.311346020522E-02
 7.514227192443E+10 2.295326764252E-02
 7.519093668261E+10 2.279420694519E-02
 7.523955095710E+10 2.263626923766E-02
 7.528811490469E+10 2.247944568873E-02
 7.533662868135E+10 2.232372751818E-02
 7.538509243775E+10 2.216910602141E-02
 7.543350594120E+10 2.201557377661E-02
 7.548186909934E+10 2.186312297496E-02
 7.553018206890E+10 2.171174510565E-02
 7.557844500582E+10 2.156143176365E-02
 7.562665806521E+10 2.141217465417E-02
 7.567482140139E+10 2.126396559313E-02
 7.572293516789E+10 2.111679650376E-02
 7.577099951285E+10 2.097065942397E-02
 7.581901417737E+10 2.082554770721E-02
 7.586697904921E+10 2.068145431706E-02
 7.591489428296E+10 2.053837147265E-02
 7.596276003242E+10 2.039629145492E-02
 7.601057645058E+10 2.025520659841E-02
 7.605834368965E+10 2.011510928531E-02
 7.610606190107E+10 1.997599194200E-02
 7.615373123549E+10 1.983784703848E-02
 7.620135180584E+10 1.970066719627E-02
 7.624892324125E+10 1.956444646292E-02
 7.629644552556E+10 1.942917789687E-02
 7.634391881082E+10 1.929485413114E-02
 7.639134324828E+10 1.916146786856E-02
 7.643871898842E+10 1.902901188859E-02
 7.648604618093E+10 1.889747905341E-02
 7.653332497477E+10 1.876686231257E-02
 7.658055551810E+10 1.863715470626E-02
 7.662773795837E+10 1.850834936668E-02
 7.667487222761E+10 1.838044009839E-02
 7.672195793698E+10 1.825342164291E-02
 7.676899521068E+10 1.812728742011E-02
 7.681598419788E+10 1.800203086209E-02
 7.686292504698E+10 1.787764547765E-02
 7.690981790563E+10 1.775412484624E-02
 7.695666292072E+10 1.763146261186E-02
 7.700346023839E+10 1.750965247711E-02
 7.705021000403E+10 1.738868819787E-02
 7.709691236232E+10 1.726856357871E-02
 7.714356738886E+10 1.714927264338E-02
 7.719017461547E+10 1.703081083014E-02
 7.723673404365E+10 1.691317239622E-02
 7.728324582017E+10 1.679635126548E-02
 7.732971009104E+10 1.668034140307E-02
 7.737612700151E+10 1.656513681649E-02
 7.742249669613E+10 1.645073155714E-02
 7.746881931869E+10 1.633711972239E-02
 7.751509501224E+10 1.622429545768E-02
 7.756132391913E+10 1.611225295880E-02
 7.760750618098E+10 1.600098647392E-02
 7.765364189163E+10 1.589049041778E-02
 7.769973056734E+10 1.578076062733E-02
 7.774577215738E+10 1.567179193747E-02
 7.779176680579E+10 1.556357877124E-02
 7.783771465585E+10 1.545611560924E-02
 7.788361585011E+10 1.534939698908E-02
 7.792947053040E+10 1.524341750430E-02
 7.797527883786E+10 1.513817180297E-02
 7.802104091288E+10 1.503365458600E-02
 7.806675689517E+10 1.492986060519E-02
 7.811242692371E+10 1.482678466121E-02
 7.815805113682E+10 1.472442160151E-02
 7.820362954204E+10 1.462276660750E-02
 7.824916159756E+10 1.452181610940E-02
 7.829464734650E+10 1.442156525600E-02
 7.834008692988E+10 1.432200901575E-02
 7.838548048796E+10 1.422314239582E-02
 7.843082816033E+10 1.412496044088E-02
 7.847613008585E+10 1.402745823210E-02
 7.852138640268E+10 1.393063088632E-02
 7.856659724832E+10 1.383447355538E-02
 7.861176275954E+10 1.373898142566E-02
 7.865688307245E+10 1.364414971759E-02
 7.870195832247E+10 1.354997368535E-02
 7.874698864322E+10 1.345644861887E-02
 7.879197364373E+10 1.336357091968E-02
 7.883691302588E+10 1.327133680516E-02
 7.888180692818E+10 1.317974161499E-02
 7.892665548842E+10 1.308878072177E-02
 7.897145884371E+10 1.299844953059E-02
 7.901621713048E+10 1.290874347858E-02
 7.906093048445E+10 1.281965803445E-02
 7.910559904067E+10 1.273118869798E-02
 7.915022293353E+10 1.264333099960E-02
 7.919480229673E+10 1.255608049987E-02
 7.923933726331E+10 1.246943278912E-02
 7.928382796566E+10 1.238338348711E-02
 7.932827453549E+10 1.229792824277E-02
 7.937267669831E+10 1.221306350690E-02
 7.941703399346E+10 1.212878609244E-02
 7.946134655147E+10 1.204509170050E-02
 7.950561450744E+10 1.196197605216E-02
 7.954983799577E+10 1.187943489875E-02
 7.959401715020E+10 1.179746402227E-02
 7.963815210380E+10 1.171605923583E-02
 7.968224298897E+10 1.163521638418E-02
 7.972628993745E+10 1.155493134434E-02
 7.977029308034E+10 1.147520002617E-02
 7.981425254806E+10 1.139601837298E-02
 7.985816847042E+10 1.131738236213E-02
 7.990204097655E+10 1.123928800555E-02
 7.994587018792E+10 1.116173136267E-02
 7.998965560139E+10 1.108470962232E-02
 8.003339693960E+10 1.100821958819E-02
 8.007709433536E+10 1.093225737125E-02
 8.012074792085E+10 1.085681911897E-02
 8.016435782757E+10 1.078190101514E-02
 8.020792418638E+10 1.070749927958E-02
 8.025144712747E+10 1.063361016771E-02
 8.029492678039E+10 1.056022997000E-02
 8.033836327405E+10 1.048735501123E-02
 8.038175673672E+10 1.041498164976E-02
 8.042510729604E+10 1.034310627660E-02
 8.046841507901E+10 1.027172531452E-02
 8.051168021200E+10 1.020083521700E-02
 8.055490282079E+10 1.013043246726E-02
 8.059808272934E+10 1.006051406341E-02
 8.064121929447E+10 9.991077768578E-03
 8.068431260798E+10 9.922120169992E-03
 8.072736279972E+10 9.853637818531E-03
 8.077036999889E+10 9.785627290694E-03
 8.081333433402E+10 9.718085187804E-03
 8.085625593304E+10 9.651008135313E-03
 8.089913492320E+10 9.584392782202E-03
 8.094197143117E+10 9.518235800484E-03
 8.098476558294E+10 9.452533884806E-03
 8.102751750393E+10 9.387283752159E-03
 8.107022731891E+10 9.322482141678E-03
 8.111289515204E+10 9.258125814542E-03
 8.115552112688E+10 9.194211553947E-03
 8.119810536638E+10 9.130736165161E-03
 8.124064762522E+10 9.067697018845E-03
 8.128314726356E+10 9.005092073779E-03
 8.132560438555E+10 8.942918197861E-03
 8.136801911857E+10 8.881172247055E-03
 8.141039158930E+10 8.819851100996E-03
 8.145272192384E+10 8.758951663231E-03
 8.149501024763E+10 8.698470861433E-03
 8.153725668551E+10 8.638405647603E-03
 8.157946136169E+10 8.578752998242E-03
 8.162162439979E+10 8.519509914487E-03
 8.166374592279E+10 8.460673422200E-03
 8.170582605308E+10 8.402240572014E-03
 8.174786491245E+10 8.344208439327E-03
 8.178986262210E+10 8.286574124240E-03
 8.183181930264E+10 8.229334751447E-03
 8.187373500654E+10 8.172487561377E-03
 8.191560900995E+10 8.116030859396E-03
 8.195744118407E+10 8.059962152137E-03
 8.199923165402E+10 8.004278624311E-03
 8.204098054427E+10 7.948977484546E-03
 8.208268797870E+10 7.894055965008E-03
 8.212435408054E+10 7.839511320991E-03
 8.216597897244E+10 7.785340830491E-03
 8.220756277644E+10 7.731541793771E-03
 8.224910561396E+10 7.678111532911E-03
 8.229060760585E+10 7.625047391363E-03
 8.233206887235E+10 7.572346733511E-03
 8.237348953312E+10 7.520006944242E-03
 8.241486970721E+10 7.468025428537E-03
 8.245620951314E+10 7.416399611075E-03
 8.249750906880E+10 7.365126935877E-03
 8.253876839224E+10 7.314204988153E-03
 8.257998672627E+10 7.263632316634E-03
 8.262116398809E+10 7.213406642550E-03
 8.266230030022E+10 7.163525450970E-03
 8.270339578461E+10 7.113986245533E-03
 8.274445056257E+10 7.064786548277E-03
 8.278546475482E+10 7.015923899524E-03
 8.282643848150E+10 6.967395857779E-03
 8.286737186214E+10 6.919199999678E-03
 8.290826501569E+10 6.871333919960E-03
 8.294911806052E+10 6.823795231467E-03
 8.298993111441E+10 6.776581565176E-03
 8.303070429458E+10 6.729690570241E-03
 8.307143771766E+10 6.683119914058E-03
 8.311213149974E+10 6.636867282339E-03
 8.315278575631E+10 6.590930379194E-03
 8.319340060045E+10 6.545306929331E-03
 8.323397547865E+10 6.499995417524E-03
 8.327450997115E+10 6.454994181142E-03
 8.331500419828E+10 6.410300967567E-03
 8.335545827981E+10 6.365913543434E-03
 8.339587233491E+10 6.321829694639E-03
 8.343624648214E+10 6.278047226332E-03
 8.347658083949E+10 6.234563962872E-03
 8.351687552439E+10 6.191377747757E-03
 8.355713065366E+10 6.148486443519E-03
 8.359734634356E+10 6.105887931586E-03
 8.363752270980E+10 6.063580112112E-03
 8.367765986749E+10 6.021560903767E-03
 8.371775793121E+10 5.979828243503E-03
 8.375781701496E+10 5.938380086280E-03
 8.379783723221E+10 5.897214404769E-03
 8.383781869587E+10 5.856329189029E-03
 8.387776145070E+10 5.815722514682E-03
 8.391766471763E+10 5.775393302058E-03
 8.395752833713E+10 5.735339845613E-03
 8.399735242713E+10 5.695560172676E-03
 8.403713710501E+10 5.656052326580E-03
 8.407688248753E+10 5.616814366278E-03
 8.411658869091E+10 5.577844365962E-03
 8.415625583079E+10 5.539140414694E-03
 8.419588402223E+10 5.500700616064E-03
 8.423547337973E+10 5.462523087864E-03
 8.427502401724E+10 5.424605961796E-03
 8.431453604814E+10 5.386947383206E-03
 8.435400958527E+10 5.349545510857E-03
 8.439344474092E+10 5.312398516736E-03
 8.443284162683E+10 5.275504585902E-03
 8.447220035420E+10 5.238861916365E-03
 8.451152103369E+10 5.202468719015E-03
 8.455080372335E+10 5.166323265351E-03
 8.459004766471E+10 5.130424582832E-03
 8.462925266358E+10 5.094771181133E-03
 8.466841883565E+10 5.059361296748E-03
 8.470754629606E+10 5.024193179578E-03
 8.474663515936E+10 4.989265093016E-03
 8.478568553955E+10 4.954575314052E-03
 8.482469755007E+10 4.920122133375E-03
 8.486367130380E+10 4.885903855487E-03
 8.490260691307E+10 4.851918798812E-03
 8.494150448966E+10 4.818165295783E-03
 8.498036414479E+10 4.784641692930E-03
 8.501918598918E+10 4.751346350938E-03
 8.505797013296E+10 4.718277644679E-03
 8.509671668577E+10 4.685433963219E-03
 8.513542575670E+10 4.652813709786E-03
 8.517409745431E+10 4.620415301715E-03
 8.521273188664E+10 4.588237170337E-03
 8.525132856010E+10 4.556278257136E-03
 8.528988697986E+10 4.524537506263E-03
 8.532840725945E+10 4.493013367099E-03
 8.536688951181E+10 4.461704302628E-03
 8.540533384935E+10 4.430608789154E-03
 8.544374038391E+10 4.399725315990E-03
 8.548210922679E+10 4.369052385125E-03
 8.552044048874E+10 4.338588510868E-03
 8.555873427998E+10 4.308332219484E-03
 8.559699071018E+10 4.278282048822E-03
 8.563520988848E+10 4.248436547944E-03
 8.567339192349E+10 4.218794276753E-03
 8.571153692329E+10 4.189353805641E-03
 8.574964499545E+10 4.160113715152E-03
 8.578771624699E+10 4.131072595665E-03
 8.582575078446E+10 4.102229047111E-03
 8.586374871385E+10 4.073581678715E-03
 8.590170997611E+10 4.045129231770E-03
 8.593963375500E+10 4.016871015753E-03
 8.597752001801E+10 3.988805753696E-03
 8.601536887628E+10 3.960932069279E-03
 8.605318044035E+10 3.933248595149E-03
 8.609095482027E+10 3.905753972907E-03
 8.612869212552E+10 3.878446853136E-03
 8.616639246504E+10 3.851325895462E-03
 8.620405594726E+10 3.824389768658E-03
 8.624168268006E+10 3.797637150764E-03
 8.627927277081E+10 3.771066729242E-03
 8.631682632635E+10 3.744677201149E-03
 8.635434345300E+10 3.718467273318E-03
 8.639182425656E+10 3.692435662548E-03
 8.642926884235E+10 3.666581095799E-03
 8.646667731514E+10 3.640902310372E-03
 8.650404977922E+10 3.615398054089E-03
 8.654138633837E+10 3.590067085439E-03
 8.657868658141E+10 3.564908519714E-03
 8.661594991133E+10 3.539921598929E-03
 8.665317643335E+10 3.515105098145E-03
 8.669036625631E+10 3.490457800912E-03
 8.672751948855E+10 3.465978502092E-03
 8.676463623785E+10 3.441666007811E-03
 8.680171661149E+10 3.417519135362E-03
 8.683876071619E+10 3.393536713074E-03
 8.687576865818E+10 3.369717580143E-03
 8.691274054315E+10 3.346060586411E-03
 8.694967647631E+10 3.322564592127E-03
 8.698657656231E+10 3.299228467662E-03
 8.702344090533E+10 3.276051093206E-03
 8.706026960903E+10 3.253031358434E-03
 8.709706277659E+10 3.230168162164E-03
 8.713382051066E+10 3.207460411993E-03
 8.717054291343E+10 3.184907023932E-03
 8.720723004455E+10 3.162506947634E-03
 8.724388121878E+10 3.140259590377E-03
 8.728049624451E+10 3.118164058363E-03
 8.731707522847E+10 3.096219282040E-03
 8.735361827691E+10 3.074424198817E-03
 8.739012549552E+10 3.052777752784E-03
 8.742659698948E+10 3.031278894454E-03
 8.746303286347E+10 3.009926580547E-03
 8.749943322165E+10 2.988719773808E-03
 8.753579816767E+10 2.967657442858E-03
 8.757212780469E+10 2.946738562093E-03
 8.760842223536E+10 2.925962111613E-03
 8.764468156183E+10 2.905327077193E-03
 8.768090588576E+10 2.884832450297E-03
 8.771709530833E+10 2.864477228109E-03
 8.775324993023E+10 2.844260413614E-03
 8.778936985165E+10 2.824181015699E-03
 8.782545517232E+10 2.804238049274E-03
 8.786150575720E+10 2.784430663769E-03
 8.789752093276E+10 2.764758304965E-03
 8.793350074202E+10 2.745220027117E-03
 8.796944528896E+10 2.725814857513E-03
 8.800535467707E+10 2.706541830525E-03
 8.804122900931E+10 2.687399987782E-03
 8.807706838815E+10 2.668388378339E-03
 8.811287291556E+10 2.649506058833E-03
 8.814864269301E+10 2.630752093629E-03
 8.818437782149E+10 2.612125554950E-03
 8.822007840150E+10 2.593625522986E-03
 8.825574453303E+10 2.575251085986E-03
 8.829137631563E+10 2.557001340331E-03
 8.832697384834E+10 2.538875390586E-03
 8.836253722974E+10 2.520872349527E-03
 8.839806655792E+10 2.502991338157E-03
 8.843356193054E+10 2.485231485698E-03
 8.846902343094E+10 2.467591936411E-03
 8.850445051290E+10 2.450072152783E-03
 8.853984292603E+10 2.432671452761E-03
 8.857520077192E+10 2.415388986697E-03
 8.861052415165E+10 2.398223913117E-03
 8.864581316582E+10 2.381175398642E-03
 8.868106791454E+10 2.364242617920E-03
 8.871628849743E+10 2.347424753545E-03
 8.875147501362E+10 2.330720995990E-03
 8.878662756178E+10 2.314130543536E-03
 8.882174624010E+10 2.297652602215E-03
 8.885683114628E+10 2.281286385751E-03
 8.889188237757E+10 2.265031115514E-03
 8.892690003075E+10 2.248886020482E-03
 8.896188420214E+10 2.232850337207E-03
 8.899683498760E+10 2.216923309784E-03
 8.903175248251E+10 2.201104189837E-03
 8.906663678184E+10 2.185392236493E-03
 8.910148765217E+10 2.169786862764E-03
 8.913630466007E+10 2.154287574310E-03
 8.917108789680E+10 2.138893647058E-03
 8.920583746046E+10 2.123604361230E-03
 8.924055344864E+10 2.108419004569E-03
 8.927523595849E+10 2.093336872289E-03
 8.930988508666E+10 2.078357267018E-03
 8.934450092938E+10 2.063479498712E-03
 8.937908358236E+10 2.048702884564E-03
 8.941363314091E+10 2.034026748892E-03
 8.944814969985E+10 2.019450423002E-03
 8.948263335355E+10 2.004973245036E-03
 8.951708419596E+10 1.990594559798E-03
 8.955150232054E+10 1.976313718566E-03
 8.958588782034E+10 1.962130078871E-03
 8.962024078795E+10 1.948043004278E-03
 8.965456131554E+10 1.934051864138E-03
 8.968884920863E+10 1.920156148987E-03
 8.972310409181E+10 1.906355424395E-03
 8.975732605351E+10 1.892649071163E-03
 8.979151518845E+10 1.879036472162E-03
 8.982567159092E+10 1.865517014818E-03
 8.985979535475E+10 1.852090090845E-03
 8.989388657334E+10 1.838755095984E-03
 8.992794533961E+10 1.825511429755E-03
 8.996197174608E+10 1.812358495224E-03
 8.999596588481E+10 1.799295698793E-03
 9.002992784741E+10 1.786322450002E-03
 9.006385772509E+10 1.773438161370E-03
 9.009775560861E+10 1.760642248249E-03
 9.013162158830E+10 1.747934128713E-03
 9.016545575408E+10 1.735313223475E-03
 9.019925819544E+10 1.722778955826E-03
 9.023302897769E+10 1.710330760341E-03
 9.026676765603E+10 1.697968260151E-03
 9.030047410167E+10 1.685690961418E-03
 9.033414840682E+10 1.673498291170E-03
 9.036779066323E+10 1.661389679229E-03
 9.040140096225E+10 1.649364558303E-03
 9.043497939477E+10 1.637422364085E-03
 9.046852605126E+10 1.625562535362E-03
 9.050204102175E+10 1.613784514139E-03
 9.053552439587E+10 1.602087745759E-03
 9.056897626281E+10 1.590471679026E-03
 9.060239671135E+10 1.578935766324E-03
 9.063578582984E+10 1.567479463732E-03
 9.066914370623E+10 1.556102231122E-03
 9.070247042806E+10 1.544803532251E-03
 9.073576608246E+10 1.533582834838E-03
 9.076903075159E+10 1.522439612134E-03
 9.080226404233E+10 1.511373499076E-03
 9.083546572183E+10 1.500384077832E-03
 9.086863588014E+10 1.489470826124E-03
 9.090177460685E+10 1.478633225831E-03
 9.093488199116E+10 1.467870762954E-03
 9.096795812183E+10 1.457182927560E-03
 9.100100308719E+10 1.446569213711E-03
 9.103401697518E+10 1.436029119385E-03
 9.106699987332E+10 1.425562146374E-03
 9.109995186871E+10 1.415167800191E-03
 9.113287304805E+10 1.404845589952E-03
 9.116576349763E+10 1.394595028270E-03
 9.119862330335E+10 1.384415631141E-03
 9.123145255070E+10 1.374306917835E-03
 9.126425132477E+10 1.364268410792E-03
 9.129701959227E+10 1.354299671313E-03
 9.132975683268E+10 1.344400409590E-03
 9.136246304838E+10 1.334570177522E-03
 9.139513832740E+10 1.324808503688E-03
 9.142778275739E+10 1.315114919556E-03
 9.146039642553E+10 1.305488959455E-03
 9.149297941864E+10 1.295930160557E-03
 9.152553182310E+10 1.286438062873E-03
 9.155805372491E+10 1.277012209274E-03
 9.159054520965E+10 1.267652145519E-03
 9.162300636250E+10 1.258357420301E-03
 9.165543726826E+10 1.249127585305E-03
 9.168783801131E+10 1.239962195280E-03
 9.172020867567E+10 1.230860808121E-03
 9.175254934494E+10 1.221822984953E-03
 9.178485994710E+10 1.212848333224E-03
 9.181714001835E+10 1.203936570481E-03
 9.184938959728E+10 1.195087276613E-03
 9.188160877013E+10 1.186300021810E-03
 9.191379762274E+10 1.177574380049E-03
 9.194595624056E+10 1.168909929172E-03
 9.197808470862E+10 1.160306250960E-03
 9.201018311156E+10 1.151762931187E-03
 9.204225153363E+10 1.143279559667E-03
 9.207429005867E+10 1.134855730270E-03
 9.210629877016E+10 1.126491040926E-03
 9.213827775117E+10 1.118185093605E-03
 9.217022708438E+10 1.109937494267E-03
 9.220214685211E+10 1.101747852794E-03
 9.223403704764E+10 1.093615805418E-03
 9.226589724275E+10 1.085541097925E-03
 9.229772744039E+10 1.077523368124E-03
 9.232952772512E+10 1.069562236275E-03
 9.236129818113E+10 1.061657325872E-03
 9.239303889220E+10 1.053808263422E-03
 9.242474994171E+10 1.046014678214E-03
 9.245643141266E+10 1.038276202071E-03
 9.248808338768E+10 1.030592469101E-03
 9.251970594899E+10 1.022963115449E-03
 9.255129917843E+10 1.015387779049E-03
 9.258286315749E+10 1.007866099397E-03
 9.261439796725E+10 1.000397717337E-03
 9.264590366951E+10 9.929822793235E-04
 9.267737987743E+10 9.856195372404E-04
 9.270882647251E+10 9.783091789111E-04
 9.274024353818E+10 9.710508452811E-04
 9.277163115746E+10 9.638441781582E-04
 9.280298941301E+10 9.566888202313E-04
 9.283431838706E+10 9.495844151348E-04
 9.286561816151E+10 9.425306075562E-04
 9.289688881783E+10 9.355270433825E-04
 9.292813043716E+10 9.285733698789E-04
 9.295934310022E+10 9.216692358914E-04
 9.299052688738E+10 9.148142920630E-04
 9.302168187864E+10 9.080081910525E-04
 9.305280787267E+10 9.012506485473E-04
 9.308390455104E+10 8.945414062490E-04
 9.311497199342E+10 8.878801211328E-04
 9.314601028213E+10 8.812664522508E-04
 9.317701949908E+10 8.747000614396E-04
 9.320799972582E+10 8.681806133146E-04
 9.323895104349E+10 8.617077752020E-04
 9.326987353288E+10 8.552812170095E-04
 9.330076727440E+10 8.489006110418E-04
 9.333163234805E+10 8.425656317700E-04
 9.336246883352E+10 8.362759555695E-04
 9.339327668682E+10 8.300312853527E-04
 9.342405550346E+10 8.238313970886E-04
 9.345480531614E+10 8.176759781405E-04
 9.348552620668E+10 8.115647067867E-04
 9.351621825655E+10 8.054972621829E-04
 9.354688154682E+10 7.994733243422E-04
 9.357751615819E+10 7.934925742230E-04
 9.360812217098E+10 7.875546939273E-04
 9.363869966513E+10 7.816593670093E-04
 9.366924872020E+10 7.758062788804E-04
 9.369976935882E+10 7.699951280303E-04
 9.373026121151E+10 7.642256894234E-04
 9.376072426313E+10 7.584976728099E-04
 9.379115859514E+10 7.528107733207E-04
 9.382156428861E+10 7.471646903729E-04
 9.385194142424E+10 7.415591279117E-04
 9.388229008235E+10 7.359937944735E-04
 9.391261034287E+10 7.304684030450E-04
 9.394290228538E+10 7.249826707114E-04
 9.397316593644E+10 7.195363275518E-04
 9.400340097884E+10 7.141291674898E-04
 9.403360741201E+10 7.087609286096E-04
 9.406378531698E+10 7.034313355422E-04
 9.409393477445E+10 6.981401136337E-04
 9.412405586470E+10 6.928869885370E-04
 9.415414866766E+10 6.876716861372E-04
 9.418421326288E+10 6.824939328772E-04
 9.421424961585E+10 6.773534758904E-04
 9.424425749412E+10 6.722500977080E-04
 9.427423696061E+10 6.671835333996E-04
 9.430418809587E+10 6.621535199104E-04
 9.433411098007E+10 6.571598000582E-04
 9.436400569299E+10 6.522021227438E-04
 9.439387229711E+10 6.472802449463E-04
 9.442371061237E+10 6.423939664440E-04
 9.445352063124E+10 6.375430582621E-04
 9.448330243409E+10 6.327272737137E-04
 9.451305610086E+10 6.279463600135E-04
 9.454278170133E+10 6.232000589058E-04
 9.457247911932E+10 6.184881372096E-04
 9.460214835884E+10 6.138103455088E-04
 9.463178949994E+10 6.091664373056E-04
 9.466140258400E+10 6.045561969200E-04
 9.469098755134E+10 5.999794410100E-04
 9.472054445950E+10 5.954359258372E-04
 9.475007330364E+10 5.909253652070E-04
 9.477957408504E+10 5.864475756620E-04
 9.480904680447E+10 5.820023254045E-04
 9.483849150230E+10 5.775893837035E-04
 9.486790814990E+10 5.732085314663E-04
 9.489729679408E+10 5.688595413707E-04
 9.492665746370E+10 5.645421920634E-04
 9.495599009783E+10 5.602562778356E-04
 9.498529476848E+10 5.560015749605E-04
 9.501457153988E+10 5.517778615758E-04
 9.504382031050E+10 5.475849395563E-04
 9.507304110873E+10 5.434225914887E-04
 9.510223401467E+10 5.392905923948E-04
 9.513139909782E+10 5.351887190794E-04
 9.516053622986E+10 5.311167766930E-04
 9.518964540924E+10 5.270745534616E-04
 9.521872671624E+10 5.230618278631E-04
 9.524778023078E+10 5.190783804790E-04
 9.527680599798E+10 5.151239987189E-04
 9.530580383595E+10 5.111985024814E-04
 9.533477377105E+10 5.073016845837E-04
 9.536371588366E+10 5.034333319047E-04
 9.539263025379E+10 4.995932325395E-04
 9.542151696108E+10 4.957811755837E-04
 9.545037591948E+10 4.919969726299E-04
 9.547920697761E+10 4.882404440640E-04
 9.550801021468E+10 4.845113807481E-04
 9.553678571105E+10 4.808095746118E-04
 9.556553354674E+10 4.771348191416E-04
 9.559425380134E+10 4.734869096868E-04
 9.562294645316E+10 4.698656564522E-04
 9.565161126363E+10 4.662708987927E-04
 9.568024829035E+10 4.627024408254E-04
 9.570885761395E+10 4.591600864443E-04
 9.573743931467E+10 4.556436423241E-04
 9.576599347238E+10 4.521529178835E-04
 9.579452016655E+10 4.486877251825E-04
 9.582301933857E+10 4.452478953357E-04
 9.585149073128E+10 4.418332850251E-04
 9.587993441043E+10 4.384437135997E-04
 9.590835045678E+10 4.350790004312E-04
 9.593673895070E+10 4.317389665680E-04
 9.596509997219E+10 4.284234345363E-04
 9.599343360085E+10 4.251322281612E-04
 9.602173990988E+10 4.218651731081E-04
 9.605001863623E+10 4.186221344404E-04
 9.607826966286E+10 4.154029605241E-04
 9.610649307100E+10 4.122074776043E-04
 9.613468894149E+10 4.090355127675E-04
 9.616285735478E+10 4.058868939220E-04
 9.619099839094E+10 4.027614497992E-04
 9.621911212963E+10 3.996590099713E-04
 9.624719865012E+10 3.965794048840E-04
 9.627525779219E+10 3.935224918708E-04
 9.630328927413E+10 3.904881416310E-04
 9.633129317388E+10 3.874761863047E-04
 9.635926957270E+10 3.844864587343E-04
 9.638721855144E+10 3.815187929287E-04
 9.641514019057E+10 3.785730241161E-04
 9.644303457017E+10 3.756489887900E-04
 9.647090176992E+10 3.727465247461E-04
 9.649874186912E+10 3.698654711109E-04
 9.652655462582E+10 3.670057012433E-04
 9.655433978665E+10 3.641670901352E-04
 9.658209743354E+10 3.613494792987E-04
 9.660982764807E+10 3.585527115999E-04
 9.663753051142E+10 3.557766312359E-04
 9.666520610435E+10 3.530210837002E-04
 9.669285450725E+10 3.502859157422E-04
 9.672047580009E+10 3.475709753237E-04
 9.674807006247E+10 3.448761115732E-04
 9.677563729373E+10 3.422011824659E-04
 9.680317703357E+10 3.395460909932E-04
 9.683068926329E+10 3.369106976611E-04
 9.685817406516E+10 3.342948541491E-04
 9.688563152105E+10 3.316984131570E-04
 9.691306171243E+10 3.291212283887E-04
 9.694046472035E+10 3.265631545434E-04
 9.696784062546E+10 3.240240473144E-04
 9.699518950803E+10 3.215037633939E-04
 9.702251144793E+10 3.190021604846E-04
 9.704980647556E+10 3.165191017616E-04
 9.707707410075E+10 3.140544981976E-04
 9.710431424305E+10 3.116082237965E-04
 9.713152698538E+10 3.091801387264E-04
 9.715871241026E+10 3.067701042872E-04
 9.718587059979E+10 3.043779829263E-04
 9.721300163568E+10 3.020036382528E-04
 9.724010559919E+10 2.996469350462E-04
 9.726718257122E+10 2.973077392633E-04
 9.729423263224E+10 2.949859180394E-04
 9.732125586233E+10 2.926813396870E-04
 9.734825215747E+10 2.903938892055E-04
 9.737522099699E+10 2.881234872876E-04
 9.740216241771E+10 2.858700079727E-04
 9.742907650308E+10 2.836333224705E-04
 9.745596333615E+10 2.814133031470E-04
 9.748282299954E+10 2.792098235100E-04
 9.750965557543E+10 2.770227581942E-04
 9.753646114562E+10 2.748519829463E-04
 9.756323979149E+10 2.726973746109E-04
 9.758999159400E+10 2.705588111174E-04
 9.761671663372E+10 2.684361714676E-04
 9.764341491150E+10 2.663293419617E-04
 9.767008586231E+10 2.642382539811E-04
 9.769672942817E+10 2.621627992474E-04
 9.772334569325E+10 2.601028592506E-04
 9.774993474130E+10 2.580583165288E-04
 9.777649665564E+10 2.560290546561E-04
 9.780303151918E+10 2.540149582309E-04
 9.782953941440E+10 2.520159128617E-04
 9.785602042334E+10 2.500318051532E-04
 9.788247462767E+10 2.480625226898E-04
 9.790890210860E+10 2.461079540177E-04
 9.793530294697E+10 2.441679886263E-04
 9.796167701656E+10 2.422425319642E-04
 9.798802374090E+10 2.403315225135E-04
 9.801434315589E+10 2.384348543947E-04
 9.804063534628E+10 2.365524190026E-04
 9.806690039637E+10 2.346841085918E-04
 9.809313839005E+10 2.328298162532E-04
 9.811934941075E+10 2.309894358900E-04
 9.814553354149E+10 2.291628621950E-04
 9.817169086486E+10 2.273499906291E-04
 9.819782146303E+10 2.255507174008E-04
 9.822392541774E+10 2.237649394481E-04
 9.825000281034E+10 2.219925544223E-04
 9.827605363129E+10 2.202334667606E-04
 9.830207723044E+10 2.184876242412E-04
 9.832807353317E+10 2.167549357901E-04
 9.835404262520E+10 2.150353001423E-04
 9.837998459179E+10 2.133286167295E-04
 9.840589951777E+10 2.116347856784E-04
 9.843178748752E+10 2.099537078101E-04
 9.845764858497E+10 2.082852846428E-04
 9.848348289365E+10 2.066294183957E-04
 9.850929049663E+10 2.049860119948E-04
 9.853507147655E+10 2.033549690801E-04
 9.856082591564E+10 2.017361940136E-04
 9.858655389569E+10 2.001295918884E-04
 9.861225521458E+10 1.985350860709E-04
 9.863792921611E+10 1.969526280893E-04
 9.866357594881E+10 1.953821260222E-04
 9.868919549937E+10 1.938234863403E-04
 9.871478795404E+10 1.922766163207E-04
 9.874035339861E+10 1.907414240532E-04
 9.876589191841E+10 1.892178184462E-04
 9.879140359835E+10 1.877057092304E-04
 9.881688852286E+10 1.862050069616E-04
 9.884234677595E+10 1.847156230213E-04
 9.886777844117E+10 1.832374696154E-04
 9.889318360167E+10 1.817704597715E-04
 9.891856234014E+10 1.803145073337E-04
 9.894391453160E+10 1.788695387300E-04
 9.896923944573E+10 1.774355150243E-04
 9.899453708769E+10 1.760123556194E-04
 9.901980754539E+10 1.745999759664E-04
 9.904505090627E+10 1.731982923121E-04
 9.907026725731E+10 1.718072216844E-04
 9.909545668504E+10 1.704266818782E-04
 9.912061927549E+10 1.690565914398E-04
 9.914575511428E+10 1.676968696513E-04
 9.917086428654E+10 1.663474365156E-04
 9.919594687696E+10 1.650082127419E-04
 9.922100296979E+10 1.636791197310E-04
 9.924603264882E+10 1.623600795623E-04
 9.927103599056E+10 1.610510153405E-04
 9.929601241989E+10 1.597518845760E-04
 9.932096159117E+10 1.584626326935E-04
 9.934588359347E+10 1.571831829251E-04
 9.937077851535E+10 1.559134591607E-04
 9.939564644488E+10 1.546533859425E-04
 9.942048746969E+10 1.534028884608E-04
 9.944530167691E+10 1.521618925509E-04
 9.947008915320E+10 1.509303246903E-04
 9.949484998477E+10 1.497081119978E-04
 9.951958425736E+10 1.484951822313E-04
 9.954429205624E+10 1.472914637875E-04
 9.956897346624E+10 1.460968857001E-04
 9.959362857174E+10 1.449113776382E-04
 9.961825741656E+10 1.437348718125E-04
 9.964285931357E+10 1.425673355680E-04
 9.966743405594E+10 1.414087133290E-04
 9.969198173338E+10 1.402589359265E-04
 9.971650243514E+10 1.391179348257E-04
 9.974099624993E+10 1.379856421163E-04
 9.976546326601E+10 1.368619905013E-04
 9.978990357116E+10 1.357469132838E-04
 9.981431725266E+10 1.346403443532E-04
 9.983870439733E+10 1.335422181692E-04
 9.986306509151E+10 1.324524697459E-04
 9.988739942109E+10 1.313710346341E-04
 9.991170747148E+10 1.302978489047E-04
 9.993598932764E+10 1.292328491308E-04
 9.996024506460E+10 1.281759727817E-04
 9.998447405305E+10 1.271271881538E-04
 1.000086759376E+11 1.260864514317E-04
 1.000328508089E+11 1.250536997377E-04
 1.000569987574E+11 1.240288706468E-04
 1.000811198727E+11 1.230119021771E-04
 1.001052142441E+11 1.220027327823E-04
 1.001292819603E+11 1.210013013466E-04
 1.001533231096E+11 1.200075471828E-04
 1.001773377798E+11 1.190214100315E-04
 1.002013260583E+11 1.180428300648E-04
 1.002252880317E+11 1.170717478907E-04
 1.002492237865E+11 1.161081045606E-04
 1.002731334086E+11 1.151518415781E-04
 1.002970169833E+11 1.142029009096E-04
 1.003208742673E+11 1.132612379146E-04
 1.003447044977E+11 1.123268283767E-04
 1.003685077230E+11 1.113996162052E-04
 1.003922840346E+11 1.104795441097E-04
 1.004160335238E+11 1.095665553469E-04
 1.004397562811E+11 1.086605937303E-04
 1.004634523965E+11 1.077616036399E-04
 1.004871219596E+11 1.068695300285E-04
 1.005107650595E+11 1.059843184275E-04
 1.005343817847E+11 1.051059149492E-04
 1.005579722232E+11 1.042342662869E-04
 1.005815364628E+11 1.033693197126E-04
 1.006050745904E+11 1.025110230715E-04
 1.006285866927E+11 1.016593247748E-04
 1.006520728451E+11 1.008141741734E-04
 1.006755324022E+11 9.997554681752E-05
 1.006989650105E+11 9.914340774730E-05
 1.007223707626E+11 9.831770641019E-05
 1.007457497508E+11 9.749839276823E-05
 1.007691020667E+11 9.668541727917E-05
 1.007924278012E+11 9.587873087690E-05
 1.008157270450E+11 9.507828495187E-05
 1.008389998881E+11 9.428403133160E-05
 1.008622464201E+11 9.349592226189E-05
 1.008854667299E+11 9.271391038892E-05
 1.009086609062E+11 9.193794874264E-05
 1.009318290370E+11 9.116799072166E-05
 1.009549712098E+11 9.040399007993E-05
 1.009780875117E+11 8.964590091519E-05
 1.010011779453E+11 8.889368038199E-05
 1.010242417618E+11 8.814731011944E-05
 1.010472788381E+11 8.740675129791E-05
 1.010702892672E+11 8.667195835565E-05
 1.010932731412E+11 8.594288606374E-05
 1.011162305518E+11 8.521948952543E-05
 1.011391615904E+11 8.450172417664E-05
 1.011620663475E+11 8.378954578763E-05
 1.011849449133E+11 8.308291046547E-05
 1.012077973775E+11 8.238177465703E-05
 1.012306238291E+11 8.168609515230E-05
 1.012534243569E+11 8.099582908773E-05
 1.012761990489E+11 8.031093394946E-05
 1.012989479927E+11 7.963136757608E-05
 1.013216712756E+11 7.895708816093E-05
 1.013443688227E+11 7.828805899405E-05
 1.013670398882E+11 7.762426316867E-05
 1.013896844460E+11 7.696566261019E-05
 1.014123025888E+11 7.631221608555E-05
 1.014348944089E+11 7.566388273311E-05
 1.014574599980E+11 7.502062206055E-05
 1.014799994471E+11 7.438239394223E-05
 1.015025128470E+11 7.374915861623E-05
 1.015250002877E+11 7.312087668117E-05
 1.015474618589E+11 7.249750909307E-05
 1.015698976496E+11 7.187901716228E-05
 1.015923077483E+11 7.126536255073E-05
 1.016146922432E+11 7.065650726961E-05
 1.016370512218E+11 7.005241367759E-05
 1.016593847712E+11 6.945304447965E-05
 1.016816927306E+11 6.885836929756E-05
 1.017039743537E+11 6.826837336141E-05
 1.017262296655E+11 6.768302143181E-05
 1.017484587591E+11 6.710227679904E-05
 1.017706617269E+11 6.652610311843E-05
 1.017928386607E+11 6.595446441233E-05
 1.018149896519E+11 6.538732507226E-05
 1.018371147914E+11 6.482464986107E-05
 1.018592141695E+11 6.426640391486E-05
 1.018812878759E+11 6.371255274436E-05
 1.019033359999E+11 6.316306223576E-05
 1.019253586302E+11 6.261789865057E-05
 1.019473558551E+11 6.207702862441E-05
 1.019693277623E+11 6.154041916457E-05
 1.019912744390E+11 6.100803764620E-05
 1.020131955933E+11 6.047986089906E-05
 1.020350905335E+11 5.995587538585E-05
 1.020569593297E+11 5.943604935956E-05
 1.020788020754E+11 5.892035084725E-05
 1.021006188634E+11 5.840874821586E-05
 1.021224097861E+11 5.790121015965E-05
 1.021441749352E+11 5.739770568642E-05
 1.021659144020E+11 5.689820410315E-05
 1.021876282772E+11 5.640267500094E-05
 1.022093166509E+11 5.591108823992E-05
 1.022309796128E+11 5.542341393407E-05
 1.022526172519E+11 5.493962243659E-05
 1.022742296570E+11 5.445968432589E-05
 1.022958169160E+11 5.398357039263E-05
 1.023173791158E+11 5.351125164507E-05
 1.023389156993E+11 5.304271322731E-05
 1.023604261994E+11 5.257793814163E-05
 1.023819107107E+11 5.211689721784E-05
 1.024033693269E+11 5.165956146940E-05
 1.024248021417E+11 5.120590209055E-05
 1.024462092477E+11 5.075589045546E-05
 1.024675907373E+11 5.030949811919E-05
 1.024889467023E+11 4.986669682041E-05
 1.025102772339E+11 4.942745848561E-05
 1.025315824226E+11 4.899175523474E-05
 1.025528623586E+11 4.855955938769E-05
 1.025741171316E+11 4.813084347164E-05
 1.025953468304E+11 4.770558022875E-05
 1.026165515438E+11 4.728374262395E-05
 1.026377312501E+11 4.686530600941E-05
 1.026588851706E+11 4.645026070878E-05
 1.026800132132E+11 4.603858348063E-05
 1.027011154727E+11 4.563024762785E-05
 1.027221920433E+11 4.522522671703E-05
 1.027432430185E+11 4.482349458050E-05
 1.027642684913E+11 4.442502531686E-05
 1.027852685542E+11 4.402979328997E-05
 1.028062432991E+11 4.363777312631E-05
 1.028271928174E+11 4.324893971088E-05
 1.028481171999E+11 4.286326818180E-05
 1.028690165368E+11 4.248073392368E-05
 1.028898909178E+11 4.210131256007E-05
 1.029107404322E+11 4.172497994525E-05
 1.029315651661E+11 4.135171219834E-05
 1.029523645550E+11 4.098149718612E-05
 1.029731381819E+11 4.061432004885E-05
 1.029938861420E+11 4.025015690389E-05
 1.030146085305E+11 3.988898406834E-05
 1.030353054415E+11 3.953077805231E-05
 1.030559769689E+11 3.917551555330E-05
 1.030766232058E+11 3.882317345190E-05
 1.030972442448E+11 3.847372880873E-05
 1.031178401780E+11 3.812715886279E-05
 1.031384110967E+11 3.778344103106E-05
 1.031589570920E+11 3.744255290937E-05
 1.031794782542E+11 3.710447227432E-05
 1.031999746731E+11 3.676917708612E-05
 1.032204464380E+11 3.643664549205E-05
 1.032408930331E+11 3.610686554745E-05
 1.032613139523E+11 3.577982506249E-05
 1.032817092921E+11 3.545550222507E-05
 1.033020791485E+11 3.513387543527E-05
 1.033224236166E+11 3.481492330780E-05
 1.033427427912E+11 3.449862467340E-05
 1.033630367664E+11 3.418495857917E-05
 1.033833056357E+11 3.387390428746E-05
 1.034035494921E+11 3.356544127344E-05
 1.034237684279E+11 3.325954922110E-05
 1.034439625349E+11 3.295620801787E-05
 1.034641319044E+11 3.265539774780E-05
 1.034842766271E+11 3.235709868358E-05
 1.035043967265E+11 3.206129225271E-05
 1.035244913815E+11 3.176797230231E-05
 1.035445603992E+11 3.147712337804E-05
 1.035646038776E+11 3.118872588598E-05
 1.035846219140E+11 3.090276037994E-05
 1.036046146048E+11 3.061920755113E-05
 1.036245820463E+11 3.033804821852E-05
 1.036445243337E+11 3.005926332015E-05
 1.036644415620E+11 2.978283390575E-05
 1.036843338253E+11 2.950874113072E-05
 1.037042012173E+11 2.923696625180E-05
 1.037240438311E+11 2.896749062437E-05
 1.037438617591E+11 2.870029570146E-05
 1.037636550856E+11 2.843536313634E-05
 1.037834231184E+11 2.817268495365E-05
 1.038031654320E+11 2.791224946633E-05
 1.038228821266E+11 2.765403803872E-05
 1.038425733016E+11 2.739803216054E-05
 1.038622390560E+11 2.714421345356E-05
 1.038818794879E+11 2.689256367864E-05
 1.039014946948E+11 2.664306474302E-05
 1.039210847737E+11 2.639569870737E-05
 1.039406498210E+11 2.615044779261E-05
 1.039601899323E+11 2.590729438591E-05
 1.039797052027E+11 2.566622104602E-05
 1.039991957268E+11 2.542721050757E-05
 1.040186614764E+11 2.519024716501E-05
 1.040381015755E+11 2.495532575006E-05
 1.040575159163E+11 2.472243164785E-05
 1.040769046011E+11 2.449154786159E-05
 1.040962677311E+11 2.426265758421E-05
 1.041156054073E+11 2.403574419606E-05
 1.041349177296E+11 2.381079126198E-05
 1.041542047977E+11 2.358778252768E-05
 1.041734667103E+11 2.336670191579E-05
 1.041927035655E+11 2.314753352151E-05
 1.042119154610E+11 2.293026160826E-05
 1.042311024935E+11 2.271487060316E-05
 1.042502646665E+11 2.250134612527E-05
 1.042694011232E+11 2.228968338696E-05
 1.042885117171E+11 2.207986966740E-05
 1.043075965528E+11 2.187188958435E-05
 1.043266557343E+11 2.166572790636E-05
 1.043456893645E+11 2.146136954849E-05
 1.043646975461E+11 2.125879956791E-05
 1.043836803809E+11 2.105800315935E-05
 1.044026379699E+11 2.085896565026E-05
 1.044215704137E+11 2.066167249569E-05
 1.044404778119E+11 2.046610927294E-05
 1.044593602635E+11 2.027226167996E-05
 1.044782171797E+11 2.008012249579E-05
 1.044970480423E+11 1.988968367980E-05
 1.045158529589E+11 1.970093083998E-05
 1.045346320366E+11 1.951384968456E-05
 1.045533853816E+11 1.932842601599E-05
 1.045721130993E+11 1.914464572533E-05
 1.045908152946E+11 1.896249478718E-05
 1.046094920714E+11 1.878195925524E-05
 1.046281435332E+11 1.860302525855E-05
 1.046467697827E+11 1.842567899852E-05
 1.046653707878E+11 1.824990800647E-05
 1.046839456714E+11 1.807570773761E-05
 1.047024943463E+11 1.790306610367E-05
 1.047210169233E+11 1.773196920978E-05
 1.047395135121E+11 1.756240323602E-05
 1.047579842218E+11 1.739435443752E-05
 1.047764291608E+11 1.722780914492E-05
 1.047948484367E+11 1.706275376495E-05
 1.048132421562E+11 1.689917478159E-05
 1.048316104255E+11 1.673705875757E-05
 1.048499530078E+11 1.657639532168E-05
 1.048682691346E+11 1.641717869584E-05
 1.048865588762E+11 1.625939575087E-05
 1.049048223462E+11 1.610303307241E-05
 1.049230596575E+11 1.594807736056E-05
 1.049412709221E+11 1.579451544198E-05
 1.049594562514E+11 1.564233428430E-05
 1.049776157559E+11 1.549152101271E-05
 1.049957495452E+11 1.534206292806E-05
 1.050138571963E+11 1.519395186021E-05
 1.050319381840E+11 1.504718053821E-05
 1.050499926245E+11 1.490173661079E-05
 1.050680206343E+11 1.475760795822E-05
 1.050860223293E+11 1.461478270650E-05
 1.051039978242E+11 1.447324922250E-05
 1.051219472331E+11 1.433299609978E-05
 1.051398706531E+11 1.419401226027E-05
 1.051577675043E+11 1.405629197483E-05
 1.051756375379E+11 1.391982695707E-05
 1.051934808742E+11 1.378460613505E-05
 1.052112976325E+11 1.365061848677E-05
 1.052290879312E+11 1.351785300304E-05
 1.052468518879E+11 1.338629866127E-05
 1.052645895142E+11 1.325594518217E-05
 1.052823002036E+11 1.312678673181E-05
 1.052999839406E+11 1.299881305216E-05
 1.053176408480E+11 1.287201290726E-05
 1.053352710474E+11 1.274637514982E-05
 1.053528746597E+11 1.262188875616E-05
 1.053704514841E+11 1.249854508493E-05
 1.053880011551E+11 1.237633668691E-05
 1.054055237932E+11 1.225525274547E-05
 1.054230195228E+11 1.213528243307E-05
 1.054404883911E+11 1.201641541397E-05
 1.054579300478E+11 1.189864397242E-05
 1.054753445387E+11 1.178195771227E-05
 1.054927319680E+11 1.166634606494E-05
 1.055100921520E+11 1.155180068319E-05
 1.055274251014E+11 1.143831176629E-05
 1.055447307494E+11 1.132586935884E-05
 1.055620090207E+11 1.121446452968E-05
 1.055792598698E+11 1.110408756065E-05
 1.055964832692E+11 1.099472916749E-05
 1.056136791318E+11 1.088637989320E-05
 1.056308474883E+11 1.077902967101E-05
 1.056479881967E+11 1.067266974513E-05
 1.056651013368E+11 1.056728989858E-05
 1.056821867476E+11 1.046288141184E-05
 1.056992444300E+11 1.035943493038E-05
 1.057162744499E+11 1.025694124652E-05
 1.057332765565E+11 1.015539342913E-05
 1.057502508266E+11 1.005478265285E-05
 1.057671973454E+11 9.955099950418E-06
 1.057841158077E+11 9.856338527724E-06
 1.058010062509E+11 9.758489568825E-06
 1.058178688137E+11 9.661543820248E-06
 1.058347033488E+11 9.565493861872E-06
 1.058515096087E+11 9.470332946885E-06
 1.058682877334E+11 9.376052161237E-06
 1.058850378631E+11 9.282642573044E-06
 1.059017597327E+11 9.190097443012E-06
 1.059184531364E+11 9.098409629646E-06
 1.059351182190E+11 9.007570088959E-06
 1.059517551242E+11 8.917569915060E-06
 1.059683637434E+11 8.828401726171E-06
 1.059849436654E+11 8.740059885439E-06
 1.060014950182E+11 8.652535976663E-06
 1.060180179491E+11 8.565821587237E-06
 1.060345125933E+11 8.479908429504E-06
 1.060509785201E+11 8.394791169696E-06
 1.060674155498E+11 8.310463136203E-06
 1.060838238341E+11 8.226915981835E-06
 1.061002035232E+11 8.144141446336E-06
 1.061165547524E+11 8.062131446483E-06
 1.061328770261E+11 7.980881134947E-06
 1.061491701477E+11 7.900384203607E-06
 1.061654342728E+11 7.820632660117E-06
 1.061816695557E+11 7.741618584113E-06
 1.061978761493E+11 7.663334104425E-06
 1.062140538294E+11 7.585773179830E-06
 1.062302020582E+11 7.508931231069E-06
 1.062463209810E+11 7.432800411151E-06
 1.062624107566E+11 7.357372873815E-06
 1.062784715425E+11 7.282640873993E-06
 1.062945034797E+11 7.208596861997E-06
 1.063105059947E+11 7.135236683205E-06
 1.063264788495E+11 7.062554702632E-06
 1.063424222086E+11 6.990543556500E-06
 1.063583362346E+11 6.919196006932E-06
 1.063742210890E+11 6.848504919522E-06
 1.063900769133E+11 6.778463320207E-06
 1.064059030747E+11 6.709067672112E-06
 1.064216993171E+11 6.640312746197E-06
 1.064374658096E+11 6.572191474714E-06
 1.064532027196E+11 6.504696849820E-06
 1.064689102131E+11 6.437821937452E-06
 1.064845884543E+11 6.371559895027E-06
 1.065002371077E+11 6.305906072444E-06
 1.065158555365E+11 6.240857127689E-06
 1.065314439041E+11 6.176406453142E-06
 1.065470023834E+11 6.112547534188E-06
 1.065625311456E+11 6.049273990695E-06
 1.065780303604E+11 5.986579565154E-06
 1.065935001449E+11 5.924458309988E-06
 1.066089397235E+11 5.862907898017E-06
 1.066243489188E+11 5.801923595661E-06
 1.066397279096E+11 5.741499281182E-06
 1.066550768728E+11 5.681628870667E-06
 1.066703959836E+11 5.622306305660E-06
 1.066856854155E+11 5.563525544389E-06
 1.067009452300E+11 5.505280976039E-06
 1.067161745802E+11 5.447570410455E-06
 1.067313734009E+11 5.390388621128E-06
 1.067465418748E+11 5.333729441243E-06
 1.067616801831E+11 5.277586726832E-06
 1.067767885051E+11 5.221954364890E-06
 1.067918670181E+11 5.166826284390E-06
 1.068069158489E+11 5.112196647824E-06
 1.068219341902E+11 5.058063034590E-06
 1.068369218434E+11 5.004420840485E-06
 1.068518789958E+11 4.951264168268E-06
 1.068668058330E+11 4.898587263057E-06
 1.068817025385E+11 4.846384534337E-06
 1.068965692940E+11 4.794650575606E-06
 1.069114062795E+11 4.743380179882E-06
 1.069262131584E+11 4.692570109541E-06
 1.069409893170E+11 4.642218225177E-06
 1.069557349365E+11 4.592319833522E-06
 1.069704502054E+11 4.542870407168E-06
 1.069851353105E+11 4.493865596244E-06
 1.069997904364E+11 4.445301202209E-06
 1.070144157661E+11 4.397173147425E-06
 1.070290114310E+11 4.349477603706E-06
 1.070435767110E+11 4.302213542412E-06
 1.070581114606E+11 4.255378028730E-06
 1.070726158708E+11 4.208967019952E-06
 1.070870901309E+11 4.162976456150E-06
 1.071015344282E+11 4.117402246453E-06
 1.071159489478E+11 4.072240262263E-06
 1.071303338734E+11 4.027486337188E-06
 1.071446892414E+11 3.983136718979E-06
 1.071590142525E+11 3.939190172761E-06
 1.071733089147E+11 3.895642916525E-06
 1.071875734202E+11 3.852490606307E-06
 1.072018079590E+11 3.809728930916E-06
 1.072160127192E+11 3.767353630355E-06
 1.072301878868E+11 3.725360513576E-06
 1.072443336462E+11 3.683745475046E-06
 1.072584500441E+11 3.642504904174E-06
 1.072725363948E+11 3.601637405753E-06
 1.072865927352E+11 3.561139561372E-06
 1.073006192564E+11 3.521007633983E-06
 1.073146161474E+11 3.481238034267E-06
 1.073285835950E+11 3.441827327646E-06
 1.073425217844E+11 3.402772239387E-06
 1.073564308987E+11 3.364069657432E-06
 1.073703110542E+11 3.325716810608E-06
 1.073841616363E+11 3.287713077190E-06
 1.073979825972E+11 3.250056381599E-06
 1.074117741264E+11 3.212744130424E-06
 1.074255364110E+11 3.175773859440E-06
 1.074392696362E+11 3.139143214883E-06
 1.074529739855E+11 3.102849931491E-06
 1.074666496401E+11 3.066891808158E-06
 1.074802967762E+11 3.031266691257E-06
 1.074939149253E+11 2.995974099337E-06
 1.075075037926E+11 2.961013042331E-06
 1.075210635661E+11 2.926381230018E-06
 1.075345944320E+11 2.892076326203E-06
 1.075480965743E+11 2.858095937575E-06
 1.075615701752E+11 2.824437608514E-06
 1.075750154149E+11 2.791098822060E-06
 1.075884324718E+11 2.758077006759E-06
 1.076018212150E+11 2.725370296608E-06
 1.076151809867E+11 2.692978044959E-06
 1.076285119270E+11 2.660897620649E-06
 1.076418142216E+11 2.629126288948E-06
 1.076550880544E+11 2.597661348205E-06
 1.076683336073E+11 2.566500146743E-06
 1.076815510604E+11 2.535640096383E-06
 1.076947405917E+11 2.505078681700E-06
 1.077079023262E+11 2.474813581673E-06
 1.077210356044E+11 2.444844328313E-06
 1.077341403170E+11 2.415169221697E-06
 1.077472166498E+11 2.385785942940E-06
 1.077602647862E+11 2.356692228075E-06
 1.077732849079E+11 2.327885855647E-06
 1.077862771946E+11 2.299364634186E-06
 1.077992418240E+11 2.271126390749E-06
 1.078121789721E+11 2.243168961475E-06
 1.078250883727E+11 2.215491124464E-06
 1.078379694196E+11 2.188092344324E-06
 1.078508222830E+11 2.160970394707E-06
 1.078636471473E+11 2.134123017742E-06
 1.078764441946E+11 2.107547962055E-06
 1.078892136052E+11 2.081242988179E-06
 1.079019555573E+11 2.055205874297E-06
 1.079146702272E+11 2.029434421396E-06
 1.079273576925E+11 2.003926651471E-06
 1.079400172132E+11 1.978682228120E-06
 1.079526487481E+11 1.953699403537E-06
 1.079652524821E+11 1.928975997010E-06
 1.079778285979E+11 1.904509850167E-06
 1.079903772762E+11 1.880298820499E-06
 1.080028986960E+11 1.856340774025E-06
 1.080153930339E+11 1.832633577882E-06
 1.080278604651E+11 1.809175093649E-06
 1.080403005414E+11 1.785964326153E-06
 1.080527128087E+11 1.763000235266E-06
 1.080650974527E+11 1.740280555356E-06
 1.080774546569E+11 1.717803009699E-06
 1.080897846029E+11 1.695565314342E-06
 1.081020874704E+11 1.673565183727E-06
 1.081143634369E+11 1.651800337508E-06
 1.081266126782E+11 1.630268507827E-06
 1.081388350929E+11 1.608967923585E-06
 1.081510299959E+11 1.587897824264E-06
 1.081631975096E+11 1.567056047846E-06
 1.081753378177E+11 1.546440356226E-06
 1.081874511020E+11 1.526048546590E-06
 1.081995375420E+11 1.505878450186E-06
 1.082115973155E+11 1.485927929598E-06
 1.082236305982E+11 1.466194875046E-06
 1.082356374326E+11 1.446677412761E-06
 1.082476171556E+11 1.427374810296E-06
 1.082595698021E+11 1.408285192083E-06
 1.082714955548E+11 1.389406454684E-06
 1.082833945945E+11 1.370736511416E-06
 1.082952670999E+11 1.352273293644E-06
 1.083071132477E+11 1.334014753344E-06
 1.083189332127E+11 1.315958866513E-06
 1.083307270544E+11 1.298103807618E-06
 1.083424941480E+11 1.280448795446E-06
 1.083542345201E+11 1.262992072432E-06
 1.083659483521E+11 1.245731678787E-06
 1.083776358230E+11 1.228665689710E-06
 1.083892971100E+11 1.211792212497E-06
 1.084009323884E+11 1.195109381864E-06
 1.084125418313E+11 1.178615353877E-06
 1.084241253988E+11 1.162308595306E-06
 1.084356825385E+11 1.146188278100E-06
 1.084472133698E+11 1.130252612066E-06
 1.084587180715E+11 1.114499717684E-06
 1.084701968205E+11 1.098927710070E-06
 1.084816497916E+11 1.083534698185E-06
 1.084930771578E+11 1.068318786373E-06
 1.085044790851E+11 1.053278084370E-06
 1.085158551802E+11 1.038411431768E-06
 1.085272052332E+11 1.023717412661E-06
 1.085385294222E+11 1.009194114220E-06
 1.085498279233E+11 9.948396500410E-07
 1.085611009105E+11 9.806521661182E-07
 1.085723485558E+11 9.666298455853E-07
 1.085835710293E+11 9.527709120535E-07
 1.085947681770E+11 9.390740240759E-07
 1.086059396257E+11 9.255381305301E-07
 1.086170855426E+11 9.121615515601E-07
 1.086282061020E+11 8.989426409045E-07
 1.086393014762E+11 8.858797969886E-07
 1.086503718356E+11 8.729714633173E-07
 1.086614173484E+11 8.602161292554E-07
 1.086724377927E+11 8.476127733692E-07
 1.086834329015E+11 8.351604529318E-07
 1.086944028482E+11 8.228577601942E-07
 1.087053478049E+11 8.107033339653E-07
 1.087162679415E+11 7.986958568277E-07
 1.087271634262E+11 7.868340498963E-07
 1.087380343301E+11 7.751167676700E-07
 1.087488802106E+11 7.635434267936E-07
 1.087597011318E+11 7.521128970480E-07
 1.087704972653E+11 7.408239351733E-07
 1.087812687806E+11 7.296752954792E-07
 1.087920158453E+11 7.186657239002E-07
 1.088027385458E+11 7.077940346641E-07
 1.088134364517E+11 6.970595390332E-07
 1.088241096128E+11 6.864610357269E-07
 1.088347581999E+11 6.759971885569E-07
 1.088453823819E+11 6.656666551048E-07
 1.088559823259E+11 6.554680898273E-07
 1.088665578852E+11 6.454004424164E-07
 1.088771087795E+11 6.354627769909E-07
 1.088876351768E+11 6.256537299808E-07
 1.088981372469E+11 6.159719477787E-07
 1.089086151579E+11 6.064160961942E-07
 1.089190687946E+11 5.969851183437E-07
 1.089294979112E+11 5.876780891197E-07
 1.089399026758E+11 5.784937299454E-07
 1.089502832582E+11 5.694307786731E-07
 1.089606397553E+11 5.604880399010E-07
 1.089709718476E+11 5.516646575541E-07
 1.089812796146E+11 5.429594001328E-07
 1.089915632275E+11 5.343709391897E-07
 1.090018227389E+11 5.258980487292E-07
 1.090120579193E+11 5.175397688650E-07
 1.090222689075E+11 5.092948958948E-07
 1.090324558175E+11 5.011622951100E-07
 1.090426184510E+11 4.931410480811E-07
 1.090527569146E+11 4.852298623047E-07
 1.090628712177E+11 4.774274118949E-07
 1.090729613561E+11 4.697325566704E-07
 1.090830273397E+11 4.621445563319E-07
 1.090930691556E+11 4.546622643052E-07
 1.091030867595E+11 4.472846691890E-07
 1.091130801297E+11 4.400107232292E-07
 1.091230492646E+11 4.328389917346E-07
 1.091329941816E+11 4.257684901617E-07
 1.091429148671E+11 4.187981664699E-07
 1.091528113534E+11 4.119269913952E-07
 1.091626835454E+11 4.051541719259E-07
 1.091725314883E+11 3.984786542705E-07
 1.091823550305E+11 3.918993269349E-07
 1.091921542684E+11 3.854149256490E-07
 1.092019290764E+11 3.790244437095E-07
 1.092116795817E+11 3.727267952614E-07
 1.092214056328E+11 3.665211426946E-07
 1.092311072308E+11 3.604065951145E-07
 1.092407844417E+11 3.543821916308E-07
 1.092504369407E+11 3.484470864230E-07
 1.092600648572E+11 3.426000122581E-07
 1.092696681887E+11 3.368397588842E-07
 1.092792467137E+11 3.311653716081E-07
 1.092888006095E+11 3.255758556463E-07
 1.092983298143E+11 3.200704909533E-07
 1.093078339530E+11 3.146487171999E-07
 1.093173132007E+11 3.093095210558E-07
 1.093267676018E+11 3.040518240151E-07
 1.093361966194E+11 2.988748203067E-07
 1.093456003592E+11 2.937774238116E-07
 1.093549790139E+11 2.887586559657E-07
 1.093643321237E+11 2.838180086132E-07
 1.093736594959E+11 2.789548435431E-07
 1.093829613420E+11 2.741682229964E-07
 1.093922376687E+11 2.694571770106E-07
 1.094014875890E+11 2.648210676979E-07
 1.094107111620E+11 2.602587430423E-07
 1.094199086116E+11 2.557690427996E-07
 1.094290797517E+11 2.513511327211E-07
 1.094382237544E+11 2.470045899121E-07
 1.094473408052E+11 2.427285476045E-07
 1.094564311411E+11 2.385220870659E-07
 1.094654944009E+11 2.343844735135E-07
 1.094745294593E+11 2.303151995517E-07
 1.094835365234E+11 2.263130735221E-07
 1.094925158519E+11 2.223768834777E-07
 1.095014672647E+11 2.185056746970E-07
 1.095103894627E+11 2.146990655856E-07
 1.095192825905E+11 2.109561477408E-07
 1.095281469304E+11 2.072760372645E-07
 1.095369825948E+11 2.036579587850E-07
 1.095457879235E+11 2.001018419774E-07
 1.095545626712E+11 1.966069883988E-07
 1.095633071542E+11 1.931724440130E-07
 1.095720216836E+11 1.897972512649E-07
 1.095807052852E+11 1.864809602046E-07
 1.095893565594E+11 1.832232942180E-07
 1.095979758550E+11 1.800233471815E-07
 1.096065635238E+11 1.768802576099E-07
 1.096151196873E+11 1.737932743233E-07
 1.096236420279E+11 1.707625065548E-07
 1.096321301742E+11 1.677873150978E-07
 1.096405845343E+11 1.648667488301E-07
 1.096490055087E+11 1.619998270408E-07
 1.096573926052E+11 1.591858389942E-07
 1.096657431843E+11 1.564247459595E-07
 1.096740574617E+11 1.537155273003E-07
 1.096823359067E+11 1.510570940841E-07
 1.096905789787E+11 1.484483918340E-07
 1.096987856266E+11 1.458888765576E-07
 1.097069534906E+11 1.433784286785E-07
 1.097150830469E+11 1.409160851314E-07
 1.097231748294E+11 1.385009294905E-07
 1.097312293599E+11 1.361321129738E-07
 1.097392453776E+11 1.338093583432E-07
 1.097472206880E+11 1.315326722190E-07
 1.097551558727E+11 1.293012782050E-07
 1.097630515315E+11 1.271144202217E-07
 1.097709082491E+11 1.249713574373E-07
 1.097787250085E+11 1.228717739706E-07
 1.097864994558E+11 1.208156658706E-07
 1.097942322021E+11 1.188021948649E-07
 1.098019239114E+11 1.168304844238E-07
 1.098095752302E+11 1.148996343691E-07
 1.098171859255E+11 1.130089303137E-07
 1.098247538943E+11 1.111580655870E-07
 1.098322796432E+11 1.093460364333E-07
 1.098397638710E+11 1.075717624249E-07
 1.098472072575E+11 1.058341428108E-07
 1.098546102878E+11 1.041321019041E-07
 1.098619721405E+11 1.024648426735E-07
 1.098692931656E+11 1.008312831082E-07
 1.098765740350E+11 9.923026713552E-08
 1.098838154023E+11 9.766064533187E-08
 1.098910179066E+11 9.612127273713E-08
 1.098981825773E+11 9.461091982280E-08
 1.099053102904E+11 9.312838451229E-08
 1.099124016121E+11 9.167251637306E-08
 1.099194570940E+11 9.024215004718E-08
 1.099264772742E+11 8.883610624878E-08
 1.099334636684E+11 8.745300216732E-08
 1.099404194505E+11 8.609113879343E-08
 1.099473451720E+11 8.474935235070E-08
 1.099542412191E+11 8.342652788887E-08
 1.099611079701E+11 8.212157575047E-08
 1.099679461614E+11 8.083336630709E-08
 1.099747609193E+11 7.955998177458E-08
 1.099815539528E+11 7.830018561644E-08
 1.099883254685E+11 7.705304358512E-08
 1.099950756695E+11 7.581764477817E-08
 1.100018047558E+11 7.459311474804E-08
 1.100085167940E+11 7.337793928903E-08
 1.100152159002E+11 7.217069688461E-08
 1.100219021491E+11 7.097082290383E-08
 1.100285756143E+11 6.977790476287E-08
 1.100352363690E+11 6.859170321107E-08
 1.100418862103E+11 6.741185010197E-08
 1.100485292920E+11 6.623772391205E-08
 1.100551658109E+11 6.506952821884E-08
 1.100617957864E+11 6.390756198166E-08
 1.100684192377E+11 6.275212820312E-08
 1.100750364178E+11 6.160344162727E-08
 1.100816480555E+11 6.046155664936E-08
 1.100882542140E+11 5.932656260252E-08
 1.100948549068E+11 5.819850313396E-08
 1.101014501475E+11 5.707741820161E-08
 1.101080387111E+11 5.596361286710E-08
 1.101146181789E+11 5.485769569494E-08
 1.101211885232E+11 5.376000292059E-08
 1.101277497817E+11 5.267098920289E-08
 1.101343019127E+11 5.159121341952E-08
 1.101408409848E+11 5.052189864914E-08
 1.101473648724E+11 4.946392172783E-08
 1.101538736811E+11 4.841770771568E-08
 1.101603675147E+11 4.738358045878E-08
 1.101668448466E+11 4.636203046634E-08
 1.101733015905E+11 4.535387922615E-08
 1.101797377254E+11 4.435927592087E-08
 1.101861534474E+11 4.337833685624E-08
 1.101925482837E+11 4.241127842439E-08
 1.101989190323E+11 4.145869503380E-08
 1.102052654842E+11 4.052066650422E-08
 1.102115879154E+11 3.959713361741E-08
 1.102178859694E+11 3.868807456212E-08
 1.102241573248E+11 3.779372381983E-08
 1.102304020333E+11 3.691398873679E-08
 1.102366204317E+11 3.604878089421E-08
 1.102428118156E+11 3.519818758526E-08
 1.102489751475E+11 3.436232711123E-08
 1.102551107977E+11 3.354107374731E-08
 1.102612188760E+11 3.273428105222E-08
 1.102672984241E+11 3.194192139803E-08
 1.102733496515E+11 3.116384922467E-08
 1.102793727744E+11 3.039998543790E-08
 1.102853670313E+11 2.965040095673E-08
 1.102913326258E+11 2.891498969926E-08
 1.102972696332E+11 2.819357279382E-08
 1.103031776848E+11 2.748601287641E-08
 1.103090570675E+11 2.679221103286E-08
 1.103149073319E+11 2.611226119172E-08
 1.103207286106E+11 2.544607071749E-08
 1.103265206429E+11 2.479339201515E-08
 1.103322835089E+11 2.415411086402E-08
 1.103380171603E+11 2.352818461237E-08
 1.103437213117E+11 2.291553306548E-08
 1.103493955084E+11 2.231603977812E-08
 1.103550393568E+11 2.172947258467E-08
 1.103606528318E+11 2.115551771900E-08
 1.103662358034E+11 2.059418088841E-08
 1.103717878858E+11 2.004525999121E-08
 1.103773084554E+11 1.950877469239E-08
 1.103827966887E+11 1.898437602732E-08
 1.103882521661E+11 1.847172176661E-08
 1.103936746458E+11 1.797075861095E-08
 1.103990635867E+11 1.748148012108E-08
 1.104044183683E+11 1.700384672585E-08
 1.104097383745E+11 1.653765849509E-08
 1.104150222344E+11 1.608261001139E-08
 1.104202696641E+11 1.563842752361E-08
 1.104254795386E+11 1.520518030149E-08
 1.104306519211E+11 1.478290454389E-08
 1.104357858553E+11 1.437156586702E-08
 1.104408813836E+11 1.397086469329E-08
 1.104459367499E+11 1.358054823592E-08
 1.104509521497E+11 1.320026291422E-08
 1.104559256108E+11 1.283001882240E-08
 1.104608575779E+11 1.246984146590E-08
 1.104657478067E+11 1.211979204782E-08
 1.104705968533E+11 1.177961910422E-08
 1.104754045261E+11 1.144887059216E-08
 1.104801704522E+11 1.112710158297E-08
 1.104848952151E+11 1.081403425264E-08
 1.104895775762E+11 1.050973567580E-08
 1.104942183591E+11 1.021415822841E-08
 1.104988181014E+11 9.927127573271E-09
 1.105033774566E+11 9.648323552424E-09
 1.105078973859E+11 9.377393538108E-09
 1.105123783930E+11 9.114088053613E-09
 1.105168213829E+11 8.858192906807E-09
 1.105212275008E+11 8.609474027447E-09
 1.105255979800E+11 8.367657726270E-09
 1.105299336883E+11 8.132484635868E-09
 1.105342361392E+11 7.903693832716E-09
 1.105385064971E+11 7.681078801813E-09
 1.105427455591E+11 7.464453802258E-09
 1.105469549256E+11 7.253568529054E-09
 1.105511354541E+11 7.048195490566E-09
 1.105552881024E+11 6.848113848413E-09
 1.105594150952E+11 6.653070511308E-09
 1.105635171048E+11 6.462906550465E-09
 1.105675952814E+11 6.277444994969E-09
 1.105716517420E+11 6.096474244244E-09
 1.105756869076E+11 5.919883935647E-09
 1.105797021990E+11 5.747548393024E-09
 1.105836993693E+11 5.579337999778E-09
 1.105876786851E+11 5.415165116664E-09
 1.105916419938E+11 5.254849566412E-09
 1.105955905589E+11 5.098239685892E-09
 1.105995246691E+11 4.945262578054E-09
 1.106034461613E+11 4.795831727566E-09
 1.106073556813E+11 4.649925158919E-09
 1.106112535336E+11 4.507524895563E-09
 1.106151406222E+11 4.368599218636E-09
 1.106190171219E+11 4.233193732869E-09
 1.106228824437E+11 4.101436940518E-09
 1.106267358442E+11 3.973458939142E-09
 1.106305769959E+11 3.849307544138E-09
 1.106344012911E+11 3.729116194242E-09
 1.106382076658E+11 3.612955303875E-09
 1.106419916734E+11 3.501114625609E-09
 1.106457464187E+11 3.393983851787E-09
 1.106494705490E+11 3.291705088770E-09
 1.106531523795E+11 3.194662463157E-09
 1.106567908573E+11 3.103138734288E-09
 1.106603747526E+11 3.018004259465E-09
 1.106638996578E+11 2.940146915942E-09
 1.106673595019E+11 2.870535553632E-09
 1.106707462696E+11 2.810390809580E-09
 1.106740581942E+11 2.761472075597E-09
 1.106772859885E+11 2.726644402562E-09
 1.106804284623E+11 2.710027000916E-09
 1.106834715280E+11 2.717606993585E-09
 1.106864133051E+11 2.756124292606E-09
 1.106892346555E+11 2.827955773915E-09
 1.106919388711E+11 2.924600827329E-09
 1.106945197989E+11 3.024002587243E-09
 1.106969923968E+11 3.099652112264E-09
 1.106993701852E+11 3.132716477133E-09
 1.107016733726E+11 3.118894459316E-09
 1.107039166520E+11 3.064268431650E-09
 1.107061143783E+11 2.978341576011E-09
 1.107082766053E+11 2.870600590375E-09
