 1.15419229784e-08        # dimensionless surface pressure
     1041                 # radial resolution
#   r  (dimensionless)             rho(GCC)
0.000000000000000000e+00 2.687578051999999929e+01
2.771074997099999895e-03 2.686990702299999967e+01
5.542149994299999660e-03 2.685229115199999939e+01
8.313224991399999556e-03 2.682294676600000116e+01
1.108429998900000053e-02 2.678189694699999990e+01
1.385537498600000056e-02 2.672917398199999894e+01
1.662644998299999885e-02 2.666481932700000002e+01
1.939752498000000061e-02 2.658888357600000063e+01
2.216859997699999890e-02 2.650142640600000021e+01
2.493967497400000066e-02 2.640251652599999943e+01
2.771074997099999895e-02 2.629223161199999836e+01
3.048182496800000071e-02 2.617065823100000088e+01
3.325289996599999770e-02 2.603789176700000141e+01
3.602397496299999946e-02 2.589403632200000160e+01
3.879504996000000122e-02 2.573920462799999953e+01
4.156612495700000298e-02 2.557351793599999823e+01
4.433719995399999780e-02 2.539710590600000018e+01
4.710827495099999956e-02 2.521010648300000057e+01
4.987934994800000132e-02 2.501266576900000160e+01
5.265042494600000178e-02 2.480493788900000141e+01
5.542149994299999660e-02 2.458708484399999961e+01
5.819257493999999836e-02 2.435927636399999940e+01
6.096364993700000012e-02 2.412168974500000118e+01
6.373472493399999494e-02 2.387450968799999984e+01
6.650579993100000364e-02 2.361792812399999875e+01
6.927687492799999847e-02 2.335214403899999880e+01
7.204794992599999892e-02 2.307736328600000064e+01
7.481902492299999374e-02 2.279379839599999968e+01
7.759009992000000244e-02 2.250166838000000169e+01
8.036117491699999726e-02 2.220119852399999871e+01
8.313224991400000596e-02 2.189262018499999840e+01
8.590332491100000079e-02 2.157617057299999885e+01
8.867439990799999561e-02 2.125209253299999901e+01
9.144547490500000431e-02 2.092063432100000142e+01
9.421654990300000476e-02 2.058204937400000034e+01
9.698762489999999958e-02 2.023659607800000160e+01
9.975869989699999441e-02 1.988453752699999910e+01
1.025297748899999944e-01 1.952614128600000143e+01
1.053008498900000062e-01 1.916167913900000030e+01
1.080719248900000040e-01 1.879142684700000032e+01
1.080719248900000040e-01 4.296556182199999796e+00
1.102575883000000007e-01 4.281439663199999579e+00
1.124428613799999949e-01 4.266741837899999723e+00
1.146269460800000001e-01 4.252440970500000361e+00
1.168091040700000027e-01 4.238516471599999669e+00
1.189886544599999957e-01 4.224948854500000017e+00
1.211650587599999995e-01 4.211718898300000014e+00
1.233378072900000039e-01 4.198808654599999635e+00
1.255063688699999958e-01 4.186201781100000296e+00
1.276702591999999969e-01 4.173882830600000204e+00
1.298290381999999965e-01 4.161837205100000325e+00
1.319823072999999902e-01 4.150051112699999933e+00
1.341297068500000023e-01 4.138511524600000158e+00
1.362709135700000129e-01 4.127206134499999735e+00
1.384056381700000116e-01 4.116123318299999667e+00
1.405336229299999906e-01 4.105252097100000164e+00
1.426546394900000125e-01 4.094582100000000224e+00
1.447684867400000075e-01 4.084103530300000173e+00
1.468749887299999890e-01 4.073807131999999775e+00
1.489739905999999947e-01 4.063684211500000032e+00
1.510653583400000111e-01 4.053726574999999777e+00
1.531489814499999991e-01 4.043926397199999911e+00
1.552247676300000101e-01 4.034276278200000121e+00
1.572926412800000062e-01 4.024769218800000381e+00
1.593525420899999934e-01 4.015398597099999911e+00
1.614044237599999987e-01 4.006158146199999770e+00
1.634482527699999965e-01 3.997041933599999819e+00
1.654840072600000100e-01 3.988044341300000184e+00
1.675116759899999974e-01 3.979160047400000177e+00
1.695312573699999936e-01 3.970384008799999975e+00
1.715427585700000090e-01 3.961711445000000165e+00
1.735461946699999869e-01 3.953137822299999993e+00
1.755415879499999943e-01 3.944658840199999794e+00
1.775289671399999936e-01 3.936270417299999824e+00
1.795083668099999863e-01 3.927968678900000121e+00
1.814798267399999887e-01 3.919749944999999958e+00
1.834433913999999888e-01 3.911610719500000055e+00
1.853991094399999873e-01 3.903547679099999890e+00
1.873470332299999874e-01 3.895557664100000039e+00
1.892872184399999880e-01 3.887637668900000065e+00
1.912197236500000064e-01 3.879784833300000013e+00
1.931446125000000069e-01 3.871996416100000005e+00
1.950619565700000002e-01 3.864269763699999860e+00
1.969718207299999968e-01 3.856602413500000104e+00
1.988742714900000041e-01 3.848992018800000192e+00
2.007693767300000043e-01 3.841436342600000220e+00
2.026572055399999961e-01 3.833933251900000005e+00
2.045378279199999982e-01 3.826480711799999934e+00
2.064113146899999862e-01 3.819076780400000093e+00
2.082777372600000121e-01 3.811719604099999881e+00
2.101371674999999994e-01 3.804407420200000001e+00
2.119896823200000113e-01 3.797138551699999809e+00
2.138353535799999983e-01 3.789911396099999941e+00
2.156742531299999932e-01 3.782724412499999911e+00
2.175064528400000030e-01 3.775576127199999910e+00
2.193320245600000051e-01 3.768465130000000052e+00
2.211510399799999915e-01 3.761390070900000104e+00
2.229635705699999915e-01 3.754349657400000151e+00
2.247696875300000119e-01 3.747342651199999874e+00
2.265694617000000022e-01 3.740367866000000152e+00
2.283629635099999888e-01 3.733424164700000158e+00
2.301502629599999905e-01 3.726510456999999832e+00
2.319314295300000106e-01 3.719625697100000128e+00
2.337065321700000087e-01 3.712768881800000198e+00
2.354756392400000065e-01 3.705939047899999839e+00
2.372388185400000071e-01 3.699135270899999828e+00
2.389961371999999862e-01 3.692356663200000000e+00
2.407476617400000074e-01 3.685602372199999976e+00
2.424934579999999951e-01 3.678871578299999889e+00
2.442335911100000090e-01 3.672163494199999878e+00
2.459681255499999997e-01 3.665477362599999900e+00
2.476971250499999944e-01 3.658812455300000099e+00
2.494206526299999893e-01 3.652168071699999796e+00
2.511387706100000061e-01 3.645543537700000059e+00
2.528515405499999757e-01 3.638938204400000043e+00
2.545590232900000194e-01 3.632351446900000003e+00
2.562612789400000035e-01 3.625782663599999900e+00
2.579583668600000101e-01 3.619231274800000175e+00
2.596503456700000045e-01 3.612696721799999899e+00
2.613372732900000051e-01 3.606178466299999830e+00
2.630192068700000219e-01 3.599675989100000084e+00
2.646962028500000064e-01 3.593188789500000091e+00
2.663683169500000170e-01 3.586716384799999879e+00
2.680356041599999961e-01 3.580258308799999956e+00
2.696981187699999949e-01 3.573814111899999979e+00
2.713559143600000056e-01 3.567383359799999987e+00
2.730090438000000175e-01 3.560965633299999933e+00
2.746575531600000120e-01 3.554560555900000196e+00
2.763014854299999934e-01 3.548167778199999844e+00
2.779408903200000225e-01 3.541786929700000197e+00
2.795758168499999918e-01 3.535417653100000113e+00
2.812063133600000153e-01 3.529059602999999878e+00
2.828324275399999865e-01 3.522712445899999878e+00
2.844542064200000220e-01 3.516375859400000081e+00
2.860716964100000204e-01 3.510049532300000052e+00
2.876849432499999915e-01 3.503733163500000192e+00
2.892939920800000064e-01 3.497426462099999966e+00
2.908988873900000272e-01 3.491129146700000074e+00
2.924996731000000239e-01 3.484840945300000215e+00
2.940963924900000248e-01 3.478561594699999926e+00
2.956890882800000120e-01 3.472290840499999920e+00
2.972778025799999724e-01 3.466028436399999801e+00
2.988625769400000132e-01 3.459774143999999829e+00
3.004434523499999732e-01 3.453527732700000019e+00
3.020204692299999771e-01 3.447288979200000103e+00
3.035936674599999940e-01 3.441057667399999964e+00
3.051630863700000029e-01 3.434833587800000032e+00
3.067287647599999945e-01 3.428616537899999983e+00
3.082907409299999735e-01 3.422406321299999998e+00
3.098490526400000111e-01 3.416202747699999875e+00
3.114037371600000270e-01 3.410005632899999917e+00
3.129548312500000096e-01 3.403814798300000000e+00
3.145023712000000193e-01 3.397630070700000005e+00
3.160463927900000192e-01 3.391451282399999823e+00
3.175869313499999902e-01 3.385278270700000203e+00
3.191240217399999857e-01 3.379110878000000096e+00
3.206576983700000216e-01 3.372948951300000164e+00
3.221879951800000197e-01 3.366792342300000129e+00
3.237149456799999769e-01 3.360640907000000066e+00
3.252385829600000222e-01 3.354494505999999987e+00
3.267589396500000243e-01 3.348353003799999783e+00
3.282760479899999861e-01 3.342216269000000128e+00
3.297899397999999871e-01 3.336084173999999791e+00
3.313006464700000153e-01 3.329956595000000075e+00
3.328081993700000019e-01 3.323833421599999838e+00
3.343126301000000078e-01 3.317714561699999898e+00
3.358139686200000140e-01 3.311599905600000060e+00
3.373122444700000222e-01 3.305489345299999826e+00
3.388074868400000050e-01 3.299382775799999834e+00
3.402997245400000148e-01 3.293280095400000107e+00
3.417889860000000168e-01 3.287181204999999995e+00
3.432752992900000022e-01 3.281086008900000017e+00
3.447586921399999893e-01 3.274994413900000012e+00
3.462391919100000215e-01 3.268906313000000008e+00
3.477168016700000197e-01 3.262821723600000112e+00
3.491915476299999876e-01 3.256740545600000036e+00
3.506634560099999853e-01 3.250662697100000109e+00
3.521325527199999916e-01 3.244588098299999945e+00
3.535988633700000161e-01 3.238516671999999819e+00
3.550624132499999863e-01 3.232448342700000143e+00
3.565232273699999732e-01 3.226383037400000209e+00
3.579813304500000237e-01 3.220320684699999880e+00
3.594367468999999926e-01 3.214261215400000093e+00
3.608895008699999907e-01 3.208204562100000157e+00
3.623396162399999954e-01 3.202150659199999971e+00
3.637871165900000148e-01 3.196099442900000032e+00
3.652320252599999817e-01 3.190050851000000076e+00
3.666743653199999731e-01 3.184004823099999992e+00
3.681141595699999880e-01 3.177961300199999783e+00
3.695514305800000066e-01 3.171920224900000029e+00
3.709862006499999865e-01 3.165881541300000102e+00
3.724184918499999775e-01 3.159845194899999932e+00
3.738483260000000086e-01 3.153811132600000011e+00
3.752757246899999788e-01 3.147779302600000051e+00
3.767007092799999901e-01 3.141749654499999878e+00
3.781233009000000145e-01 3.135722138899999845e+00
3.795435204500000048e-01 3.129696707899999986e+00
3.809613886300000085e-01 3.123673314499999965e+00
3.823769258999999976e-01 3.117651912999999997e+00
3.837901525299999839e-01 3.111632458599999929e+00
3.852010895099999832e-01 3.105614912000000061e+00
3.866097582999999949e-01 3.099599238200000162e+00
3.880161783500000183e-01 3.093585397300000039e+00
3.894203688699999777e-01 3.087573349999999994e+00
3.908223489000000050e-01 3.081563058099999974e+00
3.922221372399999906e-01 3.075554484400000010e+00
3.936197525099999761e-01 3.069547592600000208e+00
3.950152131099999853e-01 3.063542347399999866e+00
3.964085372700000276e-01 3.057538714200000118e+00
3.977997430099999843e-01 3.051536659399999962e+00
3.991888481699999991e-01 3.045536150199999792e+00
4.005758703799999765e-01 3.039537154700000077e+00
4.019608271199999749e-01 3.033539641499999995e+00
4.033437356499999793e-01 3.027543580300000148e+00
4.047246131000000191e-01 3.021548941299999846e+00
4.061034763699999939e-01 3.015555695499999800e+00
4.074803422300000144e-01 3.009563814499999879e+00
4.088552235799999823e-01 3.003573239800000128e+00
4.102281314299999759e-01 2.997583903299999797e+00
4.115990817399999835e-01 2.991595779799999910e+00
4.129680902799999775e-01 2.985608845099999797e+00
4.143351726999999762e-01 2.979623075700000179e+00
4.157003444799999836e-01 2.973638448500000031e+00
4.170636209499999913e-01 2.967654941200000174e+00
4.184250174299999903e-01 2.961672533799999840e+00
4.197845491000000151e-01 2.955691207000000098e+00
4.211422308600000219e-01 2.949710939800000098e+00
4.224980774500000091e-01 2.943731711899999937e+00
4.238521034800000198e-01 2.937753503200000171e+00
4.252043234299999752e-01 2.931776294100000069e+00
4.265547516400000072e-01 2.925800065499999825e+00
4.279034023000000131e-01 2.919824798800000121e+00
4.292502894999999929e-01 2.913850475599999879e+00
4.305954271699999891e-01 2.907877078099999846e+00
4.319388272799999928e-01 2.901904626699999934e+00
4.332805022399999761e-01 2.895933128799999867e+00
4.346204654799999956e-01 2.889962568300000090e+00
4.359587302999999858e-01 2.883992929000000149e+00
4.372953098899999835e-01 2.878024195500000104e+00
4.386302173100000146e-01 2.872056352300000004e+00
4.399634654999999839e-01 2.866089384499999948e+00
4.412950672900000093e-01 2.860123277200000036e+00
4.426250353799999759e-01 2.854158016099999973e+00
4.439533823899999843e-01 2.848193586799999899e+00
4.452801207900000113e-01 2.842229975299999989e+00
4.466052629600000268e-01 2.836267168000000005e+00
4.479288211799999919e-01 2.830305151100000138e+00
4.492508076000000239e-01 2.824343911400000184e+00
4.505712342900000111e-01 2.818383435699999939e+00
4.518901131999999987e-01 2.812423710900000096e+00
4.532074561800000234e-01 2.806464724400000055e+00
4.545232750000000044e-01 2.800506463500000098e+00
4.558375813200000182e-01 2.794548915600000072e+00
4.571503866800000204e-01 2.788592068399999846e+00
4.584617025700000181e-01 2.782635909600000179e+00
4.597715403500000075e-01 2.776680427200000079e+00
4.610799113099999791e-01 2.770725609199999884e+00
4.623868239600000263e-01 2.764771414000000149e+00
4.636922836999999853e-01 2.758817779000000137e+00
4.649963014799999850e-01 2.752864693499999849e+00
4.662988881799999819e-01 2.746912149099999922e+00
4.676000546199999830e-01 2.740960138000000157e+00
4.688998114899999847e-01 2.735008652099999882e+00
4.701981694299999792e-01 2.729057683799999801e+00
4.714951390200000092e-01 2.723107225500000173e+00
4.727907310100000204e-01 2.717157278500000217e+00
4.740849570699999793e-01 2.711207858899999934e+00
4.753778274800000148e-01 2.705258962499999864e+00
4.766693524499999723e-01 2.699310582999999930e+00
4.779595420600000200e-01 2.693362714300000071e+00
4.792484062799999833e-01 2.687415350499999800e+00
4.805359550000000146e-01 2.681468486200000001e+00
4.818221979999999793e-01 2.675522116099999792e+00
4.831071449500000115e-01 2.669576235100000083e+00
4.843908054300000154e-01 2.663630838600000050e+00
4.856731889099999977e-01 2.657685922000000200e+00
4.869543047600000119e-01 2.651741481200000194e+00
4.882341622499999922e-01 2.645797512100000137e+00
4.895127705699999776e-01 2.639854011200000183e+00
4.907901387899999968e-01 2.633910974800000027e+00
4.920662758900000155e-01 2.627968399999999871e+00
4.933411907499999915e-01 2.622026283599999896e+00
4.946148921499999851e-01 2.616084622999999887e+00
4.958873887899999944e-01 2.610143415800000088e+00
4.971586892500000077e-01 2.604202659799999875e+00
4.984288020200000058e-01 2.598262352999999969e+00
4.996977355300000201e-01 2.592322493799999794e+00
5.009654980500000132e-01 2.586383080600000106e+00
5.022320978100000000e-01 2.580444112299999926e+00
5.034975429300000416e-01 2.574505588000000067e+00
5.047618414100000228e-01 2.568567506900000019e+00
5.060250012000000464e-01 2.562629868500000185e+00
5.072870301199999821e-01 2.556692672700000113e+00
5.085479359100000263e-01 2.550755919299999785e+00
5.098077302400000343e-01 2.544819565100000069e+00
5.110664461099999611e-01 2.538883458699999984e+00
5.123240929000000277e-01 2.532947614799999858e+00
5.135806799500000075e-01 2.527012034599999790e+00
5.148362165200000007e-01 2.521076719299999880e+00
5.160907118699999963e-01 2.515141669700000193e+00
5.173441751899999774e-01 2.509206886699999917e+00
5.185966156500000368e-01 2.503272371300000021e+00
5.198480423600000400e-01 2.497338124100000112e+00
5.210984644099999619e-01 2.491404145799999803e+00
5.223478908299999945e-01 2.485470436700000008e+00
5.235963306399999961e-01 2.479536997199999870e+00
5.248437928100000427e-01 2.473603827699999869e+00
5.260902862699999849e-01 2.467670928200000002e+00
5.273358199300000049e-01 2.461738298599999819e+00
5.285804026599999483e-01 2.455805938800000199e+00
5.298240432899999908e-01 2.449873848400000220e+00
5.310667506399999738e-01 2.443942026999999850e+00
5.323085334899999577e-01 2.438010473899999919e+00
5.335494005799999995e-01 2.432079188299999917e+00
5.347893606400000444e-01 2.426148169100000196e+00
5.360284223700000350e-01 2.420217415200000222e+00
5.372665944400000226e-01 2.414286925299999886e+00
5.385038854999999458e-01 2.408356697799999946e+00
5.397403041699999626e-01 2.402426730899999807e+00
5.409758590500000075e-01 2.396497022700000201e+00
5.422105587300000140e-01 2.390567571000000058e+00
5.434444117700000243e-01 2.384638384100000064e+00
5.446774486200000043e-01 2.378709371499999836e+00
5.459096799399999478e-01 2.372780542800000170e+00
5.471411129900000114e-01 2.366851904999999867e+00
5.483717548800000063e-01 2.360923465599999993e+00
5.496016125599999524e-01 2.354995232199999844e+00
5.508306928399999691e-01 2.349067191300000079e+00
5.520589648999999488e-01 2.343139529000000110e+00
5.532864308299999534e-01 2.337212250499999922e+00
5.545130949300000056e-01 2.331285375000000215e+00
5.557389614900000163e-01 2.325358921699999915e+00
5.569640348100000082e-01 2.319432909500000140e+00
5.581883191600000016e-01 2.313507357499999806e+00
5.594118188500000199e-01 2.307582284600000033e+00
5.606345381699999741e-01 2.301657709900000182e+00
5.618564814099999971e-01 2.295733652000000014e+00
5.630776528900000022e-01 2.289810129800000205e+00
5.642980569200000129e-01 2.283887161900000073e+00
5.655176978000000521e-01 2.277964766999999835e+00
5.667365798800000354e-01 2.272042963400000115e+00
5.679547074999999889e-01 2.266121769599999780e+00
5.691720850000000498e-01 2.260201203799999892e+00
5.703887167500000244e-01 2.254281284100000171e+00
5.716046071500000547e-01 2.248362028399999879e+00
5.728197605999999498e-01 2.242443454600000052e+00
5.740341815199999642e-01 2.236525580299999927e+00
5.752478808600000049e-01 2.230608400399999969e+00
5.764608769900000373e-01 2.224691877000000151e+00
5.776731739099999485e-01 2.218776032100000073e+00
5.788847756499999608e-01 2.212860885700000058e+00
5.800956861899999595e-01 2.206946457699999975e+00
5.813059095200000526e-01 2.201032768000000139e+00
5.825154496300000151e-01 2.195119836399999969e+00
5.837243104799999527e-01 2.189207682500000196e+00
5.849324960299999709e-01 2.183296326099999796e+00
5.861400102399999534e-01 2.177385786699999937e+00
5.873468570800000066e-01 2.171476083700000004e+00
5.885530348699999914e-01 2.165567247699999864e+00
5.897585176299999787e-01 2.159659439999999986e+00
5.909633081699999790e-01 2.153752677299999974e+00
5.921674093300000052e-01 2.147846988299999982e+00
5.933708238999999551e-01 2.141942402100000198e+00
5.945735547099999518e-01 2.136038949000000020e+00
5.957756045800000066e-01 2.130136659999999793e+00
5.969769763100000182e-01 2.124235567199999952e+00
5.981776727199999977e-01 2.118335703200000086e+00
5.993776966199999556e-01 2.112437101799999883e+00
6.005770508300000143e-01 2.106539797399999969e+00
6.017757381699999630e-01 2.100643825600000181e+00
6.029737614800000367e-01 2.094749222699999969e+00
6.041711261200000127e-01 2.088856027999999920e+00
6.053678386199999872e-01 2.082964287299999828e+00
6.065639007399999949e-01 2.077074047900000053e+00
6.077593145299999833e-01 2.071185355199999911e+00
6.089540823200000341e-01 2.065298253599999967e+00
6.101482067100000295e-01 2.059412786299999798e+00
6.113416906099999881e-01 2.053528995100000198e+00
6.125345372399999544e-01 2.047646920500000078e+00
6.137267501099999967e-01 2.041766601900000033e+00
6.149183330999999919e-01 2.035888076900000065e+00
6.161092903899999529e-01 2.030011381600000053e+00
6.172996265300000340e-01 2.024136550800000212e+00
6.184893464199999746e-01 2.018263617400000154e+00
6.196784553399999895e-01 2.012392612499999789e+00
6.208669589399999911e-01 2.006523565599999781e+00
6.220548632700000358e-01 2.000656518400000028e+00
6.232421779500000314e-01 1.994791568099999912e+00
6.244289079100000528e-01 1.988928759300000015e+00
6.256150579899999453e-01 1.983068114499999979e+00
6.268006331700000100e-01 1.977209656000000093e+00
6.279856385700000043e-01 1.971353405599999942e+00
6.291700794900000338e-01 1.965499384599999955e+00
6.303539615400000073e-01 1.959647615199999970e+00
6.315373010799999465e-01 1.953798032099999915e+00
6.327201027500000130e-01 1.947950663599999910e+00
6.339023714699999479e-01 1.942105534299999992e+00
6.350841124699999618e-01 1.936262667899999901e+00
6.362653312699999564e-01 1.930422087199999970e+00
6.374460337099999707e-01 1.924583812999999921e+00
6.386262256400000448e-01 1.918747849600000110e+00
6.398059134300000395e-01 1.912914208699999952e+00
6.409851039299999664e-01 1.907082908700000079e+00
6.421638043299999765e-01 1.901253966300000098e+00
6.433420222000000299e-01 1.895427396999999958e+00
6.445197654500000040e-01 1.889603214899999939e+00
6.456970423800000303e-01 1.883781432399999956e+00
6.468738617000000524e-01 1.877962060600000038e+00
6.480502324800000435e-01 1.872145108700000060e+00
6.492261642300000135e-01 1.866330584299999984e+00
6.504016668400000034e-01 1.860518493000000051e+00
6.515767506699999823e-01 1.854708838799999926e+00
6.527514234000000304e-01 1.848901608600000079e+00
6.539256237699999641e-01 1.843097208399999909e+00
6.550993462499999920e-01 1.837295576999999902e+00
6.562725695500000178e-01 1.831496540999999922e+00
6.574452848799999805e-01 1.825700064699999903e+00
6.586174834400000400e-01 1.819906159899999931e+00
6.597891564300000233e-01 1.814114839899999998e+00
6.609602950699999813e-01 1.808326119499999995e+00
6.621308905499999620e-01 1.802540014899999932e+00
6.633009340900000161e-01 1.796756543899999947e+00
6.644704168899999708e-01 1.790975725500000060e+00
6.656393301899999893e-01 1.785197580600000000e+00
6.668076652000000104e-01 1.779422131000000018e+00
6.679754131699999764e-01 1.773649400600000092e+00
6.691425653300000498e-01 1.767879414300000063e+00
6.703091129399999515e-01 1.762112198799999918e+00
6.714750472899999600e-01 1.756347781999999969e+00
6.726403596700000209e-01 1.750586193700000015e+00
6.738050413999999710e-01 1.744827464799999950e+00
6.749690838199999821e-01 1.739071627900000028e+00
6.761324783100000069e-01 1.733318716999999953e+00
6.772952162700000001e-01 1.727568767700000008e+00
6.784572831699999806e-01 1.721821725599999908e+00
6.796186561000000514e-01 1.716077440500000106e+00
6.807793283999999945e-01 1.710335845899999985e+00
6.819392918300000161e-01 1.704596797400000030e+00
6.830985330200000094e-01 1.698860312299999897e+00
6.842570383699999592e-01 1.693126416299999937e+00
6.854147940500000535e-01 1.687395138499999891e+00
6.865717859600000139e-01 1.681666511800000041e+00
6.877279997799999878e-01 1.675940572600000067e+00
6.888834208999999875e-01 1.670217360899999948e+00
6.900380344700000057e-01 1.664496920800000002e+00
6.911918253600000117e-01 1.658779299999999957e+00
6.923447781799999534e-01 1.653064550300000102e+00
6.934968772699999784e-01 1.647352727499999947e+00
6.946481066699999873e-01 1.641643891600000016e+00
6.957984501399999688e-01 1.635938106500000044e+00
6.969478911900000018e-01 1.630235440699999927e+00
6.980964129800000251e-01 1.624535966999999914e+00
6.992439965800000268e-01 1.618839705200000090e+00
7.003905992300000216e-01 1.613146624799999929e+00
7.015362081699999530e-01 1.607456736999999913e+00
7.026808115599999516e-01 1.601770098600000081e+00
7.038243985700000094e-01 1.596086766800000056e+00
7.049669593799999801e-01 1.590406798799999910e+00
7.061086017700000106e-01 1.584729717100000101e+00
7.072495409100000296e-01 1.579054452300000078e+00
7.083897794600000353e-01 1.573380973899999979e+00
7.095293189800000455e-01 1.567709248499999930e+00
7.106681619200000410e-01 1.562039301500000033e+00
7.118063078799999888e-01 1.556371125200000094e+00
7.129437549799999552e-01 1.550704700899999899e+00
7.140805000600000119e-01 1.545040018099999912e+00
7.152165386900000144e-01 1.539377074199999917e+00
7.163518651000000403e-01 1.533715875499999992e+00
7.174864721200000517e-01 1.528056437000000045e+00
7.186203476000000423e-01 1.522398702000000048e+00
7.197534803399999737e-01 1.516742554199999926e+00
7.208858659100000343e-01 1.511087995400000050e+00
7.220174991600000203e-01 1.505435036399999982e+00
7.231483742700000050e-01 1.499783695399999894e+00
7.242784846499999984e-01 1.494133997999999908e+00
7.254078229799999500e-01 1.488485977499999890e+00
7.265363811299999641e-01 1.482839675399999946e+00
7.276641501399999656e-01 1.477195141199999950e+00
7.287911484900000403e-01 1.471552758599999899e+00
7.299177500500000360e-01 1.465911808199999999e+00
7.310439556000000172e-01 1.460272580100000051e+00
7.321697624099999802e-01 1.454635047300000039e+00
7.332951641999999604e-01 1.448999197600000066e+00
7.344201509500000169e-01 1.443365033599999903e+00
7.355447088500000064e-01 1.437732577700000069e+00
7.366688090599999850e-01 1.432102026399999950e+00
7.377924341399999530e-01 1.426473431900000088e+00
7.389155680700000284e-01 1.420846804700000021e+00
7.400381927600000465e-01 1.415222164600000054e+00
7.411602879499999963e-01 1.409599540699999931e+00
7.422818311700000171e-01 1.403978972100000000e+00
7.434027976200000554e-01 1.398360508199999908e+00
7.445231601399999732e-01 1.392744209199999972e+00
7.456428890599999804e-01 1.387130146699999900e+00
7.467619521899999668e-01 1.381518403699999897e+00
7.478803146400000434e-01 1.375909075800000103e+00
7.489979387799999833e-01 1.370302271299999930e+00
7.501147350300000349e-01 1.364698284699999986e+00
7.512306099100000134e-01 1.359097461800000017e+00
7.523455617400000017e-01 1.353499871099999918e+00
7.534596226499999938e-01 1.347905415899999904e+00
7.545727958800000357e-01 1.342314159699999898e+00
7.556850802500000297e-01 1.336726163700000081e+00
7.567964721300000086e-01 1.331141495700000066e+00
7.579069654000000211e-01 1.325560230100000014e+00
7.590165512900000078e-01 1.319982448500000016e+00
7.601252183300000187e-01 1.314408240299999919e+00
7.612329522099999801e-01 1.308837703200000036e+00
7.623397356700000183e-01 1.303270943500000056e+00
7.634455483800000053e-01 1.297708077100000024e+00
7.645503668199999936e-01 1.292149229799999910e+00
7.656541641499999828e-01 1.286594512500000009e+00
7.667569028999999814e-01 1.281043912299999921e+00
7.678585485300000180e-01 1.275497571500000094e+00
7.689590834399999686e-01 1.269955197000000036e+00
7.700582204200000502e-01 1.264417347500000011e+00
7.711559865699999516e-01 1.258883795500000069e+00
7.722524097399999787e-01 1.253354494499999916e+00
7.733475184800000513e-01 1.247829376999999962e+00
7.744413421200000425e-01 1.242308353499999907e+00
7.755339107800000020e-01 1.236791312300000056e+00
7.766252553500000433e-01 1.231278118699999924e+00
7.777154075400000144e-01 1.225768614299999948e+00
7.788043999099999448e-01 1.220262616899999930e+00
7.798922658900000471e-01 1.214759919400000054e+00
7.809790397700000497e-01 1.209260289799999999e+00
7.820647567799999811e-01 1.203763491099999916e+00
7.831495314199999891e-01 1.198268858400000081e+00
7.842334095099999791e-01 1.192776107999999891e+00
7.853164160300000196e-01 1.187285017800000064e+00
7.863985811600000542e-01 1.181795105099999965e+00
7.874799733699999749e-01 1.176305021899999970e+00
7.885605828999999733e-01 1.170814745800000001e+00
7.896404032099999526e-01 1.165324288299999900e+00
7.907194310699999784e-01 1.159833622000000064e+00
7.917976667399999613e-01 1.154342678899999974e+00
7.928751140399999953e-01 1.148851349499999897e+00
7.939517805700000430e-01 1.143359481200000083e+00
7.950276778299999458e-01 1.137866877300000024e+00
7.961028327500000445e-01 1.132373293299999917e+00
7.971772814199999946e-01 1.126878465899999959e+00
7.982510403400000509e-01 1.121382129099999903e+00
7.993241280499999712e-01 1.115883976099999897e+00
8.003965652400000241e-01 1.110383660299999908e+00
8.014683748199999958e-01 1.104880795099999924e+00
8.025394946499999627e-01 1.099375578499999895e+00
8.036097559799999512e-01 1.093869029599999987e+00
8.046791566600000056e-01 1.088360989199999906e+00
8.057477006200000069e-01 1.082851266500000076e+00
8.068153987399999671e-01 1.077339638300000013e+00
8.078822653399999609e-01 1.071825815299999984e+00
8.089483408600000036e-01 1.066309710899999930e+00
8.099420432699999672e-01 1.061166208158017987e+00
8.099420432699999672e-01 9.708406228329100607e-01
8.109500217799999744e-01 9.664559426000000064e-01
8.120828092899999850e-01 9.615201091599999694e-01
8.132149384100000322e-01 9.565825828299999722e-01
8.143464599999999942e-01 9.516431883899999500e-01
8.154774119600000093e-01 9.467015783700000187e-01
8.166078408900000474e-01 9.417573891999999613e-01
8.177374145800000438e-01 9.368129100400000020e-01
8.188655030300000526e-01 9.318725430900000051e-01
8.199920540699999760e-01 9.269366407500000404e-01
8.211170201999999918e-01 9.220055418699999450e-01
8.222403589100000243e-01 9.170795912000000438e-01
8.233620292300000143e-01 9.121592831100000520e-01
8.244819860500000042e-01 9.072450041699999801e-01
8.256001863799999896e-01 9.023370910700000413e-01
8.267165896799999469e-01 8.974358669999999982e-01
8.278311578899999468e-01 8.925416409199999901e-01
8.289438556099999467e-01 8.876547068700000320e-01
8.300546501900000207e-01 8.827753431999999512e-01
8.311635118900000396e-01 8.779038118499999932e-01
8.322702705200000217e-01 8.730402963600000232e-01
8.333746650800000211e-01 8.681852615599999767e-01
8.344765986500000121e-01 8.633393467700000157e-01
8.355759603500000354e-01 8.585033445599999924e-01
8.366726189500000022e-01 8.536782196900000175e-01
8.377664795100000505e-01 8.488646018400000104e-01
8.388574455499999694e-01 8.440631448700000039e-01
8.399454189999999709e-01 8.392745304199999978e-01
8.410303002000000250e-01 8.344994684200000012e-01
8.421119879599999747e-01 8.297386975599999603e-01
8.431903794999999757e-01 8.249929858300000252e-01
8.442653705399999486e-01 8.202631312599999447e-01
8.453370616700000006e-01 8.155468119400000049e-01
8.464058287400000324e-01 8.108377137000000179e-01
8.474715462099999819e-01 8.061360934600000361e-01
8.485340720099999734e-01 8.014423661499999740e-01
8.495933142699999552e-01 7.967566323000000450e-01
8.506491805100000470e-01 7.920790192400000151e-01
8.517015776999999899e-01 7.874096807699999534e-01
8.527504123400000413e-01 7.827487974800000359e-01
8.537955904599999757e-01 7.780965771100000206e-01
8.548370176799999776e-01 7.734532548300000476e-01
8.558745993599999879e-01 7.688190939800000345e-01
8.569082402200000059e-01 7.641945855199999693e-01
8.579398665299999838e-01 7.595675194300000044e-01
8.589698381500000535e-01 7.549353124600000076e-01
8.599981997100000219e-01 7.502970012899999874e-01
8.610249818999999860e-01 7.456517176600000463e-01
8.620502009599999571e-01 7.409986928699999753e-01
8.630738580800000337e-01 7.363372619600000446e-01
8.640959388400000218e-01 7.316668680900000332e-01
8.651164126599999449e-01 7.269870669700000398e-01
8.661352321599999904e-01 7.222975312799999603e-01
8.671523325700000173e-01 7.175980545100000274e-01
8.681678473599999668e-01 7.128875496300000059e-01
8.691833181900000538e-01 7.081566059899999654e-01
8.701989855199999679e-01 7.034036230900000408e-01
8.712150871399999552e-01 6.986267956199999629e-01
8.722318579900000257e-01 6.938243273499999919e-01
8.732495302499999612e-01 6.889944305199999786e-01
8.742683335800000011e-01 6.841353245000000305e-01
8.752884953399999723e-01 6.792452341000000393e-01
8.763102409299999840e-01 6.743223653800000106e-01
8.773337810300000372e-01 6.693647969799999542e-01
8.783579330399999829e-01 6.643798473799999993e-01
8.793792103799999982e-01 6.593905284300000114e-01
8.803975495500000470e-01 6.543971931600000014e-01
8.814129030899999773e-01 6.494001247999999782e-01
8.824252408299999573e-01 6.443994454600000532e-01
8.834345504899999701e-01 6.393951103299999605e-01
8.844408384199999862e-01 6.343869024799999590e-01
8.854441303200000224e-01 6.293744276399999560e-01
8.864444718899999742e-01 6.243571090099999665e-01
8.874412629200000291e-01 6.193376178699999679e-01
8.884326232700000547e-01 6.143262469000000392e-01
8.894183924399999830e-01 6.093237598799999821e-01
8.903984291800000062e-01 6.043307416099999996e-01
8.913726176799999790e-01 5.993475066400000273e-01
8.923408690899999884e-01 5.943740857000000544e-01
8.933031229400000273e-01 5.894102121199999988e-01
8.942593487700000177e-01 5.844553091599999917e-01
8.952095468899999853e-01 5.795082630300000259e-01
8.961541787800000325e-01 5.745589854599999491e-01
8.970934511999999472e-01 5.696026220100000037e-01
8.980273549799999699e-01 5.646388189300000082e-01
8.989559978100000182e-01 5.596657929899999662e-01
8.998795398400000201e-01 5.546814318699999635e-01
9.007981716599999800e-01 5.496830901100000499e-01
9.017121074899999700e-01 5.446674897000000071e-01
9.026215977899999521e-01 5.396308749599999510e-01
9.035283676099999939e-01 5.345488860999999536e-01
9.044340316400000246e-01 5.294002664500000455e-01
9.053389565299999608e-01 5.241821907799999458e-01
9.062435519599999489e-01 5.188917460599999920e-01
9.071482460999999997e-01 5.135255323899999835e-01
9.080534769400000483e-01 5.080800624800000387e-01
9.089596902400000067e-01 5.025518305499999672e-01
9.098673351099999529e-01 4.969364976599999761e-01
9.107787060699999993e-01 4.912074353199999965e-01
9.116945759800000326e-01 4.853594230300000145e-01
9.126153619300000353e-01 4.793935396699999796e-01
9.135414484699999615e-01 4.733114288299999917e-01
9.144732206900000326e-01 4.671154724800000158e-01
9.154108880200000353e-01 4.608095070100000079e-01
9.163546101699999724e-01 4.543981702100000075e-01
9.173037986300000002e-01 4.478956133900000025e-01
9.182582045299999551e-01 4.413119450399999866e-01
9.192176078999999556e-01 4.346562350600000069e-01
9.201817626499999569e-01 4.279375903000000037e-01
9.211503992599999746e-01 4.211650888099999768e-01
9.221232299099999530e-01 4.143482043400000259e-01
9.230978819999999807e-01 4.075281379999999842e-01
9.240728444300000399e-01 4.007282767500000009e-01
9.250474861299999851e-01 3.939560002599999944e-01
9.260210676000000252e-01 3.872196338100000190e-01
9.269928111099999812e-01 3.805275663800000152e-01
9.279620648399999894e-01 3.738896315999999942e-01
9.289263532199999451e-01 3.673452717299999781e-01
9.298849107100000122e-01 3.609018862999999744e-01
9.308370514399999518e-01 3.545620972999999898e-01
9.317820926800000070e-01 3.483285342699999898e-01
9.327193521900000173e-01 3.422038263700000194e-01
9.336479921400000492e-01 3.361918617699999889e-01
9.345673454399999747e-01 3.302952068700000243e-01
9.354769746800000174e-01 3.245145775700000179e-01
9.363764389900000040e-01 3.188507158600000224e-01
9.372652943799999470e-01 3.133043911699999740e-01
9.381431166300000513e-01 3.078755868099999904e-01
9.390095623599999941e-01 3.025619523099999930e-01
9.398642731099999814e-01 2.973637870799999972e-01
9.407070560500000456e-01 2.922804885799999974e-01
9.415377330599999928e-01 2.873113879900000001e-01
9.423561417800000450e-01 2.824556679099999856e-01
9.431621447300000405e-01 2.777108927899999968e-01
9.439557256799999685e-01 2.730749348900000095e-01
9.447368928499999541e-01 2.685461565700000275e-01
9.455056466700000328e-01 2.641228496499999912e-01
9.462620227100000392e-01 2.598033086500000088e-01
9.470060378000000334e-01 2.555852325199999830e-01
9.477376363699999695e-01 2.514664410699999908e-01
9.484569004799999759e-01 2.474451472900000004e-01
9.491639256199999597e-01 2.435195181700000044e-01
9.498588203000000174e-01 2.396876584200000049e-01
9.505417043299999591e-01 2.359474471799999917e-01
9.512139036100000222e-01 2.322866527799999914e-01
9.518756317100000031e-01 2.287025038599999893e-01
9.525269186300000523e-01 2.251939136699999955e-01
9.531675898500000521e-01 2.217612228099999916e-01
9.537977617699999744e-01 2.184026715800000129e-01
9.544180579400000086e-01 2.151119342699999992e-01
9.550293907200000376e-01 2.118803784299999882e-01
9.556318648999999610e-01 2.087067012300000135e-01
9.562255721300000344e-01 2.055896093800000102e-01
9.568105919199999532e-01 2.025278871900000055e-01
9.573868600799999573e-01 1.995211742299999869e-01
9.579551342700000083e-01 1.965616487999999884e-01
9.585157015999999919e-01 1.936462534800000024e-01
9.590687208000000519e-01 1.907733699899999968e-01
9.596143282200000346e-01 1.879415759299999933e-01
9.601526372199999937e-01 1.851496520300000004e-01
9.606836678000000296e-01 1.823962837900000022e-01
9.612074871000000353e-01 1.796792947499999960e-01
9.617243263300000455e-01 1.769968106700000043e-01
9.622343968300000050e-01 1.743471705300000119e-01
9.627378891500000258e-01 1.717288982700000133e-01
9.632349641299999821e-01 1.691405188500000045e-01
9.637254971800000014e-01 1.665812845599999870e-01
9.642095425900000238e-01 1.640504973699999924e-01
9.646873235099999722e-01 1.615467251799999893e-01
9.651590601099999667e-01 1.590686121999999869e-01
9.656249625699999672e-01 1.566149071300000084e-01
9.660849802099999994e-01 1.541852563099999907e-01
9.665390657900000404e-01 1.517795447999999991e-01
9.669873239599999781e-01 1.493974788399999865e-01
9.674298987299999597e-01 1.470385034099999932e-01
9.678669553099999989e-01 1.447019591400000027e-01
9.682984966300000051e-01 1.423874328699999969e-01
9.687242416000000356e-01 1.400955389999999912e-01
9.691443894100000289e-01 1.378257440500000042e-01
9.695591077899999854e-01 1.355777259600000062e-01
9.699685604700000185e-01 1.333511683999999975e-01
9.703728547400000126e-01 1.311455017300000025e-01
9.707712388300000494e-01 1.289641565799999889e-01
9.711638194899999688e-01 1.268067062799999867e-01
9.715506908200000069e-01 1.246733463400000047e-01
9.719319456799999646e-01 1.225642255700000044e-01
9.723077035699999593e-01 1.204792773399999961e-01
9.726778589400000286e-01 1.184201594500000065e-01
9.730424356400000363e-01 1.163870282299999948e-01
9.734014462500000242e-01 1.143800897199999944e-01
9.737548761900000072e-01 1.123997684899999960e-01
9.741026882000000109e-01 1.104468517000000011e-01
9.744454131099999916e-01 1.085198836399999950e-01
9.747832480800000532e-01 1.066183681200000011e-01
9.751162082900000083e-01 1.047422303300000052e-01
9.754442652200000508e-01 1.028916798099999974e-01
9.757673495499999961e-01 1.010672576100000025e-01
9.760854247400000405e-01 9.927061495099999411e-02
9.763987318900000378e-01 9.750098095100000195e-02
9.767075079200000509e-01 9.575707785999999777e-02
9.770119583399999863e-01 9.403782854499999344e-02
9.773122586600000439e-01 9.234233044299999804e-02
9.776079252499999539e-01 9.067380362400000171e-02
9.778986478300000229e-01 8.903432928099999644e-02
9.781845077499999874e-01 8.742354263099999523e-02
9.784656182800000046e-01 8.584090251699999508e-02
9.787421209600000171e-01 8.428572315700000317e-02
9.790145385099999764e-01 8.275434757400000618e-02
9.792831398900000428e-01 8.124509215599999556e-02
9.795478139900000158e-01 7.975918352600000483e-02
9.798084445500000461e-01 7.829783253899999518e-02
9.800649277799999837e-01 7.686208623100000692e-02
9.803178595799999506e-01 7.544667978999999858e-02
9.805681713299999602e-01 7.404357919800000354e-02
9.808158294300000080e-01 7.265361292800000259e-02
9.810607749799999944e-01 7.127784787999999483e-02
9.813029055299999914e-01 6.991772840599999594e-02
9.815419426600000552e-01 6.857617904899999950e-02
9.817777522599999696e-01 6.725458144000000249e-02
9.820105988199999691e-01 6.595072853800000579e-02
9.822407425400000447e-01 6.466239232199999520e-02
9.824684247699999595e-01 6.338765528999999732e-02
9.826933534999999775e-01 6.212974065199999840e-02
9.829146696499999614e-01 6.089708005999999729e-02
9.831325141900000286e-01 5.968852012599999701e-02
9.833470301600000241e-01 5.850287169800000298e-02
9.835583632000000076e-01 5.733893314300000238e-02
9.837664428600000344e-01 5.619760143099999938e-02
9.839709718200000399e-01 5.508188127900000286e-02
9.841720981999999562e-01 5.399047521599999871e-02
9.843699825899999700e-01 5.292197608899999739e-02
9.845647602599999493e-01 5.187522573100000062e-02
9.847564847099999907e-01 5.084988701600000327e-02
9.849450397200000262e-01 4.984726530499999919e-02
9.851304377199999740e-01 4.886734314800000173e-02
9.853127173200000311e-01 4.790976186800000036e-02
9.854919332799999543e-01 4.697402303900000131e-02
9.856682779500000047e-01 4.605847592199999868e-02
9.858423130300000281e-01 4.515835844999999821e-02
9.860139424699999600e-01 4.427459057600000025e-02
9.861830789600000147e-01 4.340798144099999867e-02
9.863496472599999620e-01 4.255920746900000023e-02
9.865135939000000409e-01 4.172876288800000250e-02
9.866757973999999987e-01 4.090925817800000058e-02
9.868362221499999976e-01 4.010114691499999662e-02
9.869948130100000272e-01 3.930501019899999837e-02
9.871515044799999972e-01 3.852149787999999825e-02
9.873062313999999562e-01 3.775127994699999795e-02
9.874592043100000049e-01 3.699285866299999864e-02
9.876105263500000175e-01 3.624548285000000342e-02
9.877602594400000102e-01 3.550870232899999701e-02
9.879084544599999740e-01 3.478217179399999831e-02
9.880551396500000250e-01 3.406575371500000088e-02
9.882001384499999874e-01 3.336122189599999982e-02
9.883434310199999961e-01 3.266885868000000276e-02
9.884850912000000545e-01 3.198805255199999725e-02
9.886251958999999756e-01 3.131818478400000272e-02
9.887638096399999910e-01 3.065876635000000169e-02
9.889007173499999581e-01 3.001177367300000148e-02
9.890358618400000301e-01 2.937774405600000055e-02
9.891693524800000414e-01 2.875570894599999844e-02
9.893012747299999576e-01 2.814485568099999932e-02
9.894317040900000304e-01 2.754457444500000088e-02
9.895602951499999911e-01 2.695775979899999938e-02
9.896868351299999977e-01 2.638609206999999873e-02
9.898114561399999900e-01 2.582835957099999941e-02
9.899343006499999875e-01 2.528331128699999944e-02
9.900554968800000522e-01 2.474985372299999889e-02
9.901750643300000210e-01 2.422789132899999878e-02
9.902928691800000349e-01 2.371848710600000035e-02
9.904088677400000318e-01 2.322182616000000033e-02
9.905230396299999907e-01 2.273790571799999896e-02
9.906353984400000368e-01 2.226646799299999979e-02
9.907461867100000319e-01 2.180564794700000017e-02
9.908558319500000433e-01 2.135239326100000015e-02
9.909642301700000155e-01 2.090747649899999880e-02
9.910712772799999959e-01 2.047161113899999968e-02
9.911768827800000459e-01 2.004538115799999951e-02
9.912810135099999753e-01 1.962896571600000056e-02
9.913841214499999888e-01 1.921922184399999997e-02
9.914862151400000156e-01 1.881609329199999958e-02
9.915873057199999785e-01 1.841950027500000031e-02
9.916873935100000148e-01 1.802944274799999844e-02
9.917864675099999916e-01 1.764601480900000047e-02
9.918844262699999526e-01 1.727003559299999935e-02
9.919812952000000017e-01 1.690130596399999977e-02
9.920771155700000010e-01 1.653949530100000051e-02
9.921719330099999512e-01 1.618425752100000059e-02
9.922657983599999509e-01 1.583523700799999850e-02
9.923585318600000038e-01 1.549366548199999916e-02
9.924501631200000062e-01 1.515950530899999940e-02
9.925406068000000026e-01 1.491584785599999949e-02
9.926314218099999698e-01 1.457996632299999977e-02
9.927211617800000276e-01 1.425159799100000034e-02
9.928098444499999786e-01 1.393070372799999970e-02
9.928974735700000220e-01 1.361714072199999952e-02
9.929840717200000277e-01 1.331067623500000081e-02
9.930696596500000473e-01 1.301111791600000067e-02
9.931542569600000370e-01 1.271833098099999990e-02
9.932378606699999724e-01 1.243225252700000047e-02
9.933204646100000090e-01 1.215283043800000073e-02
9.934020829499999872e-01 1.187988494500000040e-02
9.934827300199999822e-01 1.161325913899999979e-02
9.935624234600000104e-01 1.135282840999999980e-02
9.936412051399999834e-01 1.109827366200000047e-02
9.937191118100000553e-01 1.084931221699999941e-02
9.937961414599999488e-01 1.060588234499999956e-02
9.938722915800000113e-01 1.036793431999999925e-02
9.939475582100000262e-01 1.013547363499999951e-02
9.940219609999999539e-01 9.908324975999999173e-03
9.940955687500000471e-01 9.686049238200000050e-03
9.941683892599999517e-01 9.468546012600000464e-03
9.942404325200000503e-01 9.255708985600000563e-03
9.943117024500000012e-01 9.047509820699999733e-03
9.943822009599999623e-01 8.843894556500000309e-03
9.944519415300000498e-01 8.644739351800000832e-03
9.945209370900000012e-01 8.449922150400000082e-03
9.945891993000000042e-01 8.259331511300000567e-03
9.946567444599999641e-01 8.072876142900000523e-03
9.947235832699999891e-01 7.890470975899999823e-03
9.947896985099999867e-01 7.712150058699999804e-03
9.948551044400000265e-01 7.537789351599999584e-03
9.949198142599999795e-01 7.367272841099999775e-03
9.949838407100000115e-01 7.200514797900000284e-03
9.950471994399999742e-01 7.037411038700000163e-03
9.951098639300000048e-01 6.878036006300000151e-03
9.951718425400000179e-01 6.722297685400000118e-03
9.952331504200000456e-01 6.570074717800000394e-03
9.952938037199999810e-01 6.421260501299999590e-03
9.953538175299999624e-01 6.275760554000000407e-03
9.954131851499999906e-01 6.133559905399999998e-03
9.954719022300000386e-01 5.994629968199999791e-03
9.955299742800000073e-01 5.858897967099999972e-03
9.955874090699999845e-01 5.726293224800000151e-03
9.956442158199999559e-01 5.596751990099999886e-03
9.957004222999999987e-01 5.470118288700000046e-03
9.957560455499999685e-01 5.346284547599999826e-03
9.958110859100000045e-01 5.225211476299999880e-03
9.958655432099999816e-01 5.106865557899999998e-03
9.959194170599999785e-01 4.991224381800000304e-03
9.959727148800000540e-01 4.878221414999999936e-03
9.960254555499999940e-01 4.767747633099999639e-03
9.960776464299999633e-01 4.659740031700000153e-03
9.961292949300000199e-01 4.554138835200000415e-03
9.961804072400000098e-01 4.450901983100000008e-03
9.962309919199999753e-01 4.349968092599999780e-03
9.962810596600000235e-01 4.251267980199999706e-03
9.963306139499999992e-01 4.154758379100000239e-03
9.963796566000000521e-01 4.060403230499999919e-03
9.964281900000000469e-01 3.968174902700000346e-03
9.964762189500000478e-01 3.878030135600000171e-03
9.965237633000000317e-01 3.789873384700000181e-03
9.965708328000000282e-01 3.703645446599999804e-03
9.966174351700000100e-01 3.619295645800000086e-03
9.966635737600000322e-01 3.536795647000000146e-03
9.967092500099999919e-01 3.456120598700000192e-03
9.967544349800000480e-01 3.377336447200000001e-03
9.967991399700000255e-01 3.300377931600000005e-03
9.968433818399999868e-01 3.225165142400000101e-03
9.968871757199999628e-01 3.151631936399999865e-03
9.969305355399999957e-01 3.079719131000000203e-03
9.969734413199999867e-01 3.009463773900000055e-03
9.970158824599999470e-01 2.940871235499999993e-03
9.970578611499999466e-01 2.873907675300000145e-03
9.970993838899999684e-01 2.808529951400000162e-03
9.971404572600000016e-01 2.744698188399999871e-03
9.971811066500000376e-01 2.682317374400000187e-03
9.972213463600000383e-01 2.621327069899999970e-03
9.972611749799999981e-01 2.561711316500000189e-03
9.973005904999999727e-01 2.503456364899999797e-03
9.973395886500000529e-01 2.446556829600000146e-03
9.973781800600000080e-01 2.390964175099999801e-03
9.974163884200000219e-01 2.336598019300000027e-03
9.974542159400000552e-01 2.283435932199999810e-03
9.974916638399999869e-01 2.231458572999999845e-03
9.975287334400000372e-01 2.180649938200000110e-03
9.975654288799999936e-01 2.130984011500000001e-03
9.976017636399999722e-01 2.082412111199999794e-03
9.976377420900000015e-01 2.034909013900000185e-03
9.976733675500000231e-01 1.988452488199999885e-03
9.977086420199999806e-01 1.943026066499999992e-03
9.977435687100000283e-01 1.898609214299999941e-03
9.977781463999999545e-01 1.855190830999999983e-03
9.978123801599999565e-01 1.812745147699999955e-03
9.978462757299999542e-01 1.771245566600000059e-03
9.978798375899999851e-01 1.730670722000000059e-03
9.979130702799999808e-01 1.690999254100000043e-03
9.979459715999999814e-01 1.652223302399999979e-03
9.979785444800000072e-01 1.614323648699999940e-03
9.980107933099999773e-01 1.577278261799999965e-03
9.980427219599999900e-01 1.541067781300000088e-03
9.980743337899999901e-01 1.505674725999999949e-03
9.981056245999999632e-01 1.471095632399999943e-03
9.981365971400000259e-01 1.437312613899999897e-03
9.981672579400000522e-01 1.404300643899999979e-03
9.981976126799999571e-01 1.372037675700000072e-03
9.982276658800000035e-01 1.340505188499999979e-03
9.982574122499999758e-01 1.309702432000000053e-03
9.982868456600000329e-01 1.279629278699999937e-03
9.983159701899999572e-01 1.250266156700000075e-03
9.983447912099999710e-01 1.221591965499999998e-03
9.983733147000000141e-01 1.193586208499999987e-03
9.984015523400000536e-01 1.166218058099999970e-03
9.984295118799999535e-01 1.139464695699999967e-03
9.984571889100000153e-01 1.113324732300000107e-03
9.984845800999999632e-01 1.087794421099999922e-03
9.985116826700000114e-01 1.062869370199999918e-03
9.985385008399999540e-01 1.038532771799999992e-03
9.985650687099999478e-01 1.014720047000000017e-03
9.985913867500000318e-01 9.914238827700000683e-04
9.986174544300000511e-01 9.686384668200000462e-04
9.986432699299999660e-01 9.463603154900000498e-04
9.986688307200000114e-01 9.245863804700000426e-04
9.986941446499999486e-01 9.032974297499999717e-04
9.987192162400000406e-01 8.824798699899999953e-04
9.987440490000000226e-01 8.621220647300000027e-04
9.987686467499999887e-01 8.422126301599999797e-04
9.987930125999999742e-01 8.227413563800000437e-04
9.988171383399999659e-01 8.037139815799999604e-04
9.988410261300000315e-01 7.851208438299999521e-04
9.988646806200000006e-01 7.669489452199999705e-04
9.988881062400000177e-01 7.491862745800000056e-04
9.989113068299999565e-01 7.318220026400000088e-04
9.989342733499999571e-01 7.148623968000000035e-04
9.989570043300000091e-01 6.983029246999999853e-04
9.989795059399999566e-01 6.821290447699999504e-04
9.990017830699999823e-01 6.663285722300000321e-04
9.990238399799999947e-01 6.508906613400000131e-04
9.990456720699999460e-01 6.358154513099999747e-04
9.990672731499999903e-01 6.211046106699999545e-04
9.990886466299999658e-01 6.067475917400000276e-04
9.991097958900000409e-01 5.927343214900000204e-04
9.991307235199999859e-01 5.790561331500000252e-04
9.991514360200000056e-01 5.656998143699999487e-04
9.991719375500000000e-01 5.526553642000000058e-04
9.991922273300000157e-01 5.399186645799999894e-04
9.992123051200000328e-01 5.274849068300000278e-04
9.992321699099999677e-01 5.153502539000000141e-04
9.992518234399999644e-01 5.035076808099999985e-04
9.992712756799999596e-01 4.919414647899999701e-04
9.992905280899999632e-01 4.806456186700000261e-04
9.993095821199999840e-01 4.696142908299999821e-04
9.993284387599999929e-01 4.588423246800000035e-04
9.993470982900000132e-01 4.483252905100000227e-04
9.993655682700000042e-01 4.380513709799999859e-04
9.993838501199999724e-01 4.280153888799999935e-04
9.994019450100000146e-01 4.182124365100000208e-04
9.994198536899999707e-01 4.086381849200000074e-04
9.994375762699999610e-01 3.992889269100000104e-04
9.994551134000000392e-01 3.901603838400000048e-04
9.994724679900000019e-01 3.812462088600000027e-04
9.994896428799999732e-01 3.725403114900000066e-04
9.995066406899999478e-01 3.640370398299999730e-04
9.995234640900000356e-01 3.557308621500000030e-04
9.995401109799999517e-01 3.476205270600000096e-04
9.995565811700000136e-01 3.397029591199999957e-04
9.995728770799999774e-01 3.319728261399999825e-04
9.995890010500000367e-01 3.244250689799999736e-04
9.996049550700000230e-01 3.170550766299999861e-04
9.996207400600000126e-01 3.098592142599999899e-04
9.996363552200000502e-01 3.028352768500000070e-04
9.996518025199999657e-01 2.959787465399999753e-04
9.996670845899999769e-01 2.892847242800000197e-04
9.996822028399999782e-01 2.827494422899999799e-04
9.996971586199999704e-01 2.763691989600000013e-04
9.997119527300000197e-01 2.701408177500000244e-04
9.997265871399999559e-01 2.640602767599999979e-04
9.997410642699999794e-01 2.581233113200000207e-04
9.997553858300000096e-01 2.523263433499999984e-04
9.997695533099999476e-01 2.466659913700000053e-04
9.997835685699999475e-01 2.411386946200000088e-04
9.997974318900000323e-01 2.357420926100000117e-04
9.998111442999999543e-01 2.304733127900000106e-04
9.998247070300000372e-01 2.253294002499999968e-04
9.998381216399999660e-01 2.203072330700000029e-04
9.998513935699999688e-01 2.154011433800000045e-04
9.998645250900000114e-01 2.106078199099999993e-04
9.998775167500000283e-01 2.059251735400000017e-04
9.998903690999999538e-01 2.013511371000000036e-04
9.999030823600000284e-01 1.968838671200000084e-04
9.999156573599999875e-01 1.925211451500000062e-04
9.999280962400000083e-01 1.882599507199999873e-04
9.999404026699999504e-01 1.840964191499999941e-04
9.999525787199999849e-01 1.800278052699999900e-04
9.999646259800000214e-01 1.760517267999999976e-04
9.999765455900000433e-01 1.721661358399999926e-04
9.999883358400000199e-01 1.683706911899999993e-04
1.000000000000000000e+00 1.646620893300000112e-04
