 0e0 # 1.085854e-08          # dimensionless surface pressure
      1001             # radial resolution
# r  rho
0.000000000000000e+00  7.631985685617184e+01
6.959900000002480e+07  7.631804175711387e+01
1.391980000000496e+08  7.631259675731229e+01
2.087970000000745e+08  7.630352285678252e+01
2.783960000000992e+08  7.629082169381641e+01
3.479950000001240e+08  7.627449556263883e+01
4.175940000001488e+08  7.625454741203819e+01
4.871930000001736e+08  7.623098084403946e+01
5.567920000001984e+08  7.620380011250670e+01
6.263910000002232e+08  7.617301012155075e+01
6.959900000002480e+08  7.613861642371366e+01
7.655890000002729e+08  7.610062521792099e+01
8.351880000002977e+08  7.605904334720069e+01
9.047870000003223e+08  7.601387829616827e+01
9.743860000003471e+08  7.596513818827961e+01
1.043985000000372e+09  7.591283178285242e+01
1.113584000000397e+09  7.585696847185818e+01
1.183183000000422e+09  7.579755827648674e+01
1.252782000000446e+09  7.573461184348497e+01
1.322381000000471e+09  7.566814044127241e+01
1.391980000000496e+09  7.559815595583550e+01
1.461579000000521e+09  7.552467088640358e+01
1.531178000000546e+09  7.544769834090869e+01
1.600777000000571e+09  7.536725203123223e+01
1.670376000000596e+09  7.528334626824122e+01
1.739975000000621e+09  7.519599595661711e+01
1.809574000000646e+09  7.510521658948043e+01
1.879173000000670e+09  7.501102424281399e+01
1.948772000000696e+09  7.491343556968862e+01
2.018371000000721e+09  7.481246779429442e+01
2.087970000000745e+09  7.470813870578112e+01
2.157569000000770e+09  7.460046665191128e+01
2.227168000000795e+09  7.448947053253006e+01
2.296767000000820e+09  7.437516979285530e+01
2.366366000000845e+09  7.425758441659192e+01
2.435965000000870e+09  7.413673491887470e+01
2.505564000000895e+09  7.401264233904323e+01
2.575163000000919e+09  7.388532823325380e+01
2.644762000000945e+09  7.375481466693185e+01
2.714361000000969e+09  7.362112420706974e+01
2.783960000000994e+09  7.348427991437410e+01
2.853559000001019e+09  7.334430533526726e+01
2.923158000001044e+09  7.320122449374725e+01
2.992757000001069e+09  7.305506188311112e+01
3.062356000001094e+09  7.290584245754599e+01
3.131955000001119e+09  7.275359162359290e+01
3.201554000001144e+09  7.259833523148775e+01
3.271153000001169e+09  7.244009956638467e+01
3.340752000001194e+09  7.227891133946610e+01
3.410351000001219e+09  7.211479767894507e+01
3.479950000001243e+09  7.194778612096395e+01
3.549549000001268e+09  7.177790460039532e+01
3.619148000001293e+09  7.160518144154919e+01
3.688747000001319e+09  7.142964534879223e+01
3.758346000001343e+09  7.125132539708355e+01
3.827945000001368e+09  7.107025102243240e+01
3.897544000001393e+09  7.088645201228236e+01
3.967143000001418e+09  7.069995849582780e+01
4.036742000001443e+09  7.051080093426687e+01
4.106341000001468e+09  7.031901011099657e+01
4.175940000001493e+09  7.012461712175471e+01
4.245539000001518e+09  6.992765336471399e+01
4.315138000001542e+09  6.972815053053291e+01
4.384737000001568e+09  6.952614059236890e+01
4.454336000001593e+09  6.932165579585832e+01
4.523935000001617e+09  6.911472864906844e+01
4.593534000001642e+09  6.890539191242635e+01
4.663133000001667e+09  6.869367858862974e+01
4.732732000001693e+09  6.847962191254409e+01
4.802331000001717e+09  6.826325534109172e+01
4.871930000001742e+09  6.804461254313702e+01
4.941529000001767e+09  6.782372738937256e+01
5.011128000001792e+09  6.760063394221125e+01
5.080727000001817e+09  6.737536644568878e+01
5.150326000001841e+09  6.714795931538114e+01
5.219925000001866e+09  6.691844712834178e+01
5.289524000001891e+09  6.668686461306274e+01
5.359123000001916e+09  6.645324663946448e+01
5.428722000001941e+09  6.621762820891861e+01
5.498321000001966e+09  6.598004444430764e+01
5.567920000001990e+09  6.574053058012647e+01
5.637519000002016e+09  6.549912195262941e+01
5.707118000002040e+09  6.525585399002695e+01
5.776717000002066e+09  6.501076220273639e+01
5.846316000002090e+09  6.476388217369002e+01
5.915915000002115e+09  6.451524954870528e+01
5.985514000002140e+09  6.426490002691999e+01
6.055113000002165e+09  6.401286935129690e+01
6.124712000002191e+09  6.375919329920103e+01
6.194311000002215e+09  6.350390767305323e+01
6.263910000002239e+09  6.324704829106373e+01
6.333509000002265e+09  6.298865097804863e+01
6.403108000002290e+09  6.272875155633299e+01
6.472707000002316e+09  6.246738583674370e+01
6.542306000002339e+09  6.220458960969484e+01
6.611905000002364e+09  6.194039863636915e+01
6.681504000002390e+09  6.167484863999798e+01
6.751103000002415e+09  6.140797529724294e+01
6.820702000002440e+09  6.113981422968179e+01
6.890301000002464e+09  6.087040099540133e+01
6.959900000002489e+09  6.059977108069973e+01
7.029499000002515e+09  6.032795989190078e+01
7.099098000002539e+09  6.005500274728252e+01
7.168697000002564e+09  5.978093486912233e+01
7.238296000002589e+09  5.950579137586092e+01
7.307895000002613e+09  5.922960727438689e+01
7.377494000002639e+09  5.895241745244426e+01
7.447093000002664e+09  5.867425667116450e+01
7.516692000002689e+09  5.839515955772509e+01
7.586291000002713e+09  5.811516059813609e+01
7.655890000002738e+09  5.783429413015647e+01
7.725489000002764e+09  5.755259433634159e+01
7.795088000002789e+09  5.727009523722329e+01
7.864687000002813e+09  5.698683068462380e+01
7.934286000002838e+09  5.670283435510483e+01
8.003885000002863e+09  5.641813974355272e+01
8.073484000002889e+09  5.613278015690102e+01
8.143083000002913e+09  5.584678870799103e+01
8.212682000002937e+09  5.556019830957143e+01
8.282281000002963e+09  5.527304166843765e+01
8.351880000002988e+09  5.498535127971165e+01
8.421479000003013e+09  5.469715942126265e+01
8.491078000003037e+09  5.440849814826932e+01
8.560677000003062e+09  5.411939928792393e+01
8.630276000003088e+09  5.382989443427846e+01
8.699875000003113e+09  5.354001494323339e+01
8.769474000003138e+09  5.324979192766891e+01
8.839073000003162e+09  5.295925625271869e+01
8.908672000003187e+09  5.266843853118648e+01
8.978271000003212e+09  5.237736911910506e+01
9.047870000003239e+09  5.208607811143761e+01
9.117469000003262e+09  5.179459533792124e+01
9.187068000003286e+09  5.150295035905236e+01
9.256667000003311e+09  5.121117246221335e+01
9.326266000003336e+09  5.091929065794039e+01
9.395865000003363e+09  5.062733367633160e+01
9.465464000003387e+09  5.033532996359512e+01
9.535063000003412e+09  5.004330767873638e+01
9.604662000003435e+09  4.975129469038377e+01
9.674261000003460e+09  4.945931857375216e+01
9.743860000003487e+09  4.916740660774315e+01
9.813459000003511e+09  4.887558577218132e+01
9.883058000003536e+09  4.858388274518551e+01
9.952657000003561e+09  4.829232390067398e+01
1.002225600000359e+10  4.800093530600259e+01
1.009185500000361e+10  4.770974271973465e+01
1.016145400000364e+10  4.741877158954151e+01
1.023105300000366e+10  4.712804705023245e+01
1.030065200000368e+10  4.683759392191274e+01
1.037025100000371e+10  4.654743670826849e+01
1.043985000000373e+10  4.625759959497706e+01
1.050944900000375e+10  4.596810644824132e+01
1.057904800000378e+10  4.567898081344680e+01
1.064864700000380e+10  4.539024591393978e+01
1.071824600000382e+10  4.510192464992520e+01
1.078784500000385e+10  4.481403959748246e+01
1.085744400000387e+10  4.452661300769802e+01
1.092704300000390e+10  4.423966680591265e+01
1.099664200000392e+10  4.395322259108205e+01
1.106624100000394e+10  4.366730163524914e+01
1.113584000000397e+10  4.338192488312615e+01
1.120543900000399e+10  4.309711295178499e+01
1.127503800000402e+10  4.281288613045405e+01
1.134463700000404e+10  4.252926438041961e+01
1.141423600000406e+10  4.224626733503037e+01
1.148383500000409e+10  4.196391429980276e+01
1.155343400000411e+10  4.168222425262587e+01
1.162303300000414e+10  4.140121584406368e+01
1.169263200000416e+10  4.112090739775283e+01
1.176223100000418e+10  4.084131691089439e+01
1.183183000000421e+10  4.056246205483718e+01
1.190142900000423e+10  4.028436017575139e+01
1.197102800000425e+10  4.000702829539021e+01
1.204062700000428e+10  3.973048311193755e+01
1.211022600000430e+10  3.945474100094036e+01
1.217982500000432e+10  3.917981801632307e+01
1.224942400000435e+10  3.890572989148285e+01
1.231902300000437e+10  3.863249204046316e+01
1.238862200000440e+10  3.836011955920431e+01
1.245822100000442e+10  3.808862722686850e+01
1.252782000000444e+10  3.781802950723800e+01
1.259741900000447e+10  3.754834055018419e+01
1.266701800000449e+10  3.727957419320573e+01
1.273661700000452e+10  3.701174396303383e+01
1.280621600000454e+10  3.674486307730287e+01
1.287581500000456e+10  3.647894444628458e+01
1.294541400000459e+10  3.621400067468350e+01
1.301501300000461e+10  3.595004406349235e+01
1.308461200000464e+10  3.568708661190514e+01
1.315421100000466e+10  3.542514001928628e+01
1.322381000000468e+10  3.516421568719390e+01
1.329340900000471e+10  3.490432472145540e+01
1.336300800000473e+10  3.464547793429372e+01
1.343260700000476e+10  3.438768584650214e+01
1.350220600000478e+10  3.413095868966634e+01
1.357180500000480e+10  3.387530640843136e+01
1.364140400000482e+10  3.362073866281229e+01
1.371100300000485e+10  3.336726483054656e+01
1.378060200000487e+10  3.311489400948636e+01
1.385020100000490e+10  3.286363502002940e+01
1.391980000000492e+10  3.261349640758625e+01
1.398939900000494e+10  3.236448644508282e+01
1.405899800000497e+10  3.211661313549626e+01
1.412859700000499e+10  3.186988421442243e+01
1.419819600000502e+10  3.162430715267389e+01
1.426779500000504e+10  3.137988915890619e+01
1.433739400000506e+10  3.113663718227143e+01
1.440699300000509e+10  3.089455791509728e+01
1.447659200000511e+10  3.065365779559012e+01
1.454619100000514e+10  3.041394301056059e+01
1.461579000000516e+10  3.017541949817036e+01
1.468538900000518e+10  2.993809295069856e+01
1.475498800000521e+10  2.970196881732633e+01
1.482458700000523e+10  2.946705230693842e+01
1.489418600000526e+10  2.923334839094003e+01
1.496378500000528e+10  2.900086180608811e+01
1.503338400000530e+10  2.876959705733514e+01
1.510298300000533e+10  2.853955842068475e+01
1.517258200000535e+10  2.831074994605742e+01
1.524218100000537e+10  2.808317546016526e+01
1.531178000000540e+10  2.785683856939460e+01
1.538137900000542e+10  2.763174266269515e+01
1.545097800000544e+10  2.740789091447467e+01
1.552057700000547e+10  2.718528628749781e+01
1.559017600000549e+10  2.696393153578815e+01
1.565977500000552e+10  2.674382920753247e+01
1.572937400000554e+10  2.652498164798574e+01
1.579897300000556e+10  2.630739100237627e+01
1.586857200000559e+10  2.609105921880971e+01
1.593817100000561e+10  2.587598805117091e+01
1.600777000000563e+10  2.566217906202293e+01
1.607736900000566e+10  2.544963362550178e+01
1.614696800000568e+10  2.523835293020648e+01
1.621656700000571e+10  2.502833798208314e+01
1.628616600000573e+10  2.481958960730242e+01
1.635576500000575e+10  2.461210845512936e+01
1.642536400000578e+10  2.440589500078491e+01
1.649496300000580e+10  2.420094954829819e+01
1.656456200000583e+10  2.399727223334878e+01
1.663416100000585e+10  2.379486302609835e+01
1.670376000000587e+10  2.359372173401069e+01
1.677335900000590e+10  2.339384800465965e+01
1.684295800000592e+10  2.319524132852416e+01
1.691255700000594e+10  2.299790104176968e+01
1.698215600000597e+10  2.280182632901547e+01
1.705175500000599e+10  2.260701622608703e+01
1.712135400000602e+10  2.241346962275310e+01
1.719095300000604e+10  2.222118526544661e+01
1.726055200000607e+10  2.203016175996917e+01
1.733015100000609e+10  2.184039757417827e+01
1.739975000000611e+10  2.165189104065695e+01
1.746934900000613e+10  2.146464035936531e+01
1.753894800000616e+10  2.127864360027338e+01
1.760854700000618e+10  2.109389870597488e+01
1.767814600000621e+10  2.091040349428150e+01
1.774774500000623e+10  2.072815566079720e+01
1.781734400000625e+10  2.054715278147215e+01
1.788694300000628e+10  2.036739231513593e+01
1.795654200000630e+10  2.018887160600961e+01
1.802614100000633e+10  2.001158788619642e+01
1.809574000000635e+10  1.983553827815055e+01
1.816533900000637e+10  1.966071979712388e+01
1.823493800000639e+10  1.948712935359029e+01
1.830453700000642e+10  1.931476375564735e+01
1.837413600000645e+10  1.914361971139488e+01
1.844373500000647e+10  1.897369383129053e+01
1.851333400000649e+10  1.880498263048174e+01
1.858293300000652e+10  1.863748253111413e+01
1.865253200000654e+10  1.847118986461603e+01
1.872213100000656e+10  1.830610087395891e+01
1.879173000000659e+10  1.814221171589363e+01
1.886132900000661e+10  1.797951846316231e+01
1.893092800000663e+10  1.781801710668564e+01
1.900052700000666e+10  1.765770355772552e+01
1.907012600000668e+10  1.749857365002296e+01
1.913972500000671e+10  1.734062314191106e+01
1.920932400000673e+10  1.718384771840301e+01
1.927892300000676e+10  1.702824299325501e+01
1.934852200000678e+10  1.687380451100410e+01
1.941812100000680e+10  1.672052774898072e+01
1.948772000000682e+10  1.656840811929612e+01
1.955731900000685e+10  1.641744097080440e+01
1.962691800000687e+10  1.626762159103932e+01
1.969651700000689e+10  1.611894520812573e+01
1.976611600000692e+10  1.597140699266574e+01
1.983571500000695e+10  1.582500205959954e+01
1.990531400000697e+10  1.567972547004091e+01
1.997491300000699e+10  1.553557223308747e+01
2.004451200000702e+10  1.539253730760567e+01
2.011411100000704e+10  1.525061560399062e+01
2.018371000000707e+10  1.510980198590072e+01
2.025330900000709e+10  1.497009127196723e+01
2.032290800000711e+10  1.483147823747878e+01
2.039250700000714e+10  1.469395761604101e+01
2.046210600000717e+10  1.455752410121126e+01
2.053170500000720e+10  1.442217234810853e+01
2.060130400000722e+10  1.428789697499871e+01
2.067090300000725e+10  1.415469256485536e+01
2.074050200000728e+10  1.402255366689586e+01
2.081010100000730e+10  1.389147479809333e+01
2.087970000000732e+10  1.376145044466428e+01
2.094929900000735e+10  1.363247506353217e+01
2.101889800000738e+10  1.350454308376702e+01
2.108849700000740e+10  1.337764890800113e+01
2.115809600000743e+10  1.325178691382127e+01
2.122769500000746e+10  1.312695145513713e+01
2.129729400000748e+10  1.300313686352660e+01
2.136689300000751e+10  1.288033744955772e+01
2.143649200000753e+10  1.275854750408756e+01
2.150609100000756e+10  1.263776129953832e+01
2.157569000000759e+10  1.251797309115060e+01
2.164528900000761e+10  1.239917711821422e+01
2.171488800000764e+10  1.228136760527662e+01
2.178448700000766e+10  1.216453876332912e+01
2.185408600000769e+10  1.204868479097113e+01
2.192368500000772e+10  1.193379987555269e+01
2.199328400000774e+10  1.181987819429520e+01
2.206288300000777e+10  1.170691391539091e+01
2.213248200000779e+10  1.159490119908108e+01
2.220208100000782e+10  1.148383419871317e+01
2.227168000000785e+10  1.137370706177718e+01
2.234127900000787e+10  1.126451393092136e+01
2.241087800000790e+10  1.115624894494757e+01
2.248047700000792e+10  1.104890623978634e+01
2.255007600000795e+10  1.094247994945205e+01
2.261967500000798e+10  1.083696420697816e+01
2.268927400000800e+10  1.073235314533304e+01
2.275887300000803e+10  1.062864089831631e+01
2.282847200000806e+10  1.052582160143607e+01
2.289807100000808e+10  1.042388939276725e+01
2.296767000000811e+10  1.032283841379111e+01
2.303726900000813e+10  1.022266281021638e+01
2.310686800000816e+10  1.012335673278204e+01
2.317646700000818e+10  1.002491433804201e+01
2.324606600000821e+10  9.927329789132056e+00
2.331566500000824e+10  9.830597256519034e+00
2.338526400000826e+10  9.734710918732707e+00
2.345486300000829e+10  9.639664963080390e+00
2.352446200000832e+10  9.545453586344607e+00
2.359406100000834e+10  9.452070995463998e+00
2.366366000000837e+10  9.359511408197688e+00
2.373325900000839e+10  9.267769053773346e+00
2.380285800000842e+10  9.176838173519123e+00
2.387245700000844e+10  9.086713021479724e+00
2.394205600000847e+10  8.997387865016808e+00
2.401165500000850e+10  8.908856985393937e+00
2.408125400000853e+10  8.821114678346290e+00
2.415085300000855e+10  8.734155254635379e+00
2.422045200000858e+10  8.647973040588928e+00
2.429005100000860e+10  8.562562378626184e+00
2.435965000000863e+10  8.477917627768860e+00
2.442924900000865e+10  8.394033164137886e+00
2.449884800000868e+10  8.310903381436225e+00
2.456844700000871e+10  8.228522691417950e+00
2.463804600000873e+10  8.146885524343766e+00
2.470764500000876e+10  8.065986329423222e+00
2.477724400000879e+10  7.985819575243793e+00
2.484684300000881e+10  7.906379750187057e+00
2.491644200000884e+10  7.827661362832130e+00
2.498604100000886e+10  7.749658942346638e+00
2.505564000000889e+10  7.672367038865341e+00
2.512523900000892e+10  7.595780223856662e+00
2.519483800000894e+10  7.519893090477308e+00
2.526443700000897e+10  7.444700253915177e+00
2.533403600000900e+10  7.370196351720735e+00
2.540363500000902e+10  7.296376044127089e+00
2.547323400000905e+10  7.223234014358899e+00
2.554283300000907e+10  7.150764968930369e+00
2.561243200000910e+10  7.078963637932484e+00
2.568203100000912e+10  7.007824775309659e+00
2.575163000000915e+10  6.937343159126033e+00
2.582122900000917e+10  6.867513591821545e+00
2.589082800000920e+10  6.798330900458004e+00
2.596042700000923e+10  6.729789936955329e+00
2.603002600000925e+10  6.661885578318112e+00
2.609962500000928e+10  6.594612726852723e+00
2.616922400000930e+10  6.527966310375094e+00
2.623882300000933e+10  6.461941282409379e+00
2.630842200000936e+10  6.396532622377648e+00
2.637802100000938e+10  6.331735335780794e+00
2.644762000000941e+10  6.267544454370810e+00
2.651721900000943e+10  6.203955036314613e+00
2.658681800000946e+10  6.140962166349566e+00
2.665641700000949e+10  6.078560955930881e+00
2.672601600000951e+10  6.016746543371031e+00
2.679561500000954e+10  5.955514093971361e+00
2.686521400000957e+10  5.894858800146042e+00
2.693481300000959e+10  5.834775881538513e+00
2.700441200000962e+10  5.775260585130572e+00
2.707401100000964e+10  5.716308185344279e+00
2.714361000000967e+10  5.657913984136796e+00
2.721320900000969e+10  5.600073311088329e+00
2.728280800000972e+10  5.542781523483305e+00
2.735240700000975e+10  5.486034006384942e+00
2.742200600000977e+10  5.429826172703328e+00
2.749160500000980e+10  5.374153463257194e+00
2.756120400000983e+10  5.319011346829449e+00
2.763080300000985e+10  5.264395320216694e+00
2.770040200000988e+10  5.210300908272778e+00
2.777000100000990e+10  5.156723663946570e+00
2.783960000000993e+10  5.103659168314074e+00
2.790919900000996e+10  5.051103030604986e+00
2.797879800000998e+10  4.999050888223853e+00
2.804839700001001e+10  4.947498406765950e+00
2.811799600001004e+10  4.896441280027979e+00
2.818759500001006e+10  4.845875230013739e+00
2.825719400001009e+10  4.795796006934874e+00
2.832679300001011e+10  4.746199389206796e+00
2.839639200001014e+10  4.697081183439946e+00
2.846599100001016e+10  4.648437224426457e+00
2.853559000001019e+10  4.600263375122376e+00
2.860518900001022e+10  4.552555526625502e+00
2.867478800001025e+10  4.505309598149012e+00
2.874438700001027e+10  4.458521536990933e+00
2.881398600001030e+10  4.412187318499584e+00
2.888358500001032e+10  4.366302946035099e+00
2.895318400001035e+10  4.320864450927112e+00
2.902278300001037e+10  4.275867892428727e+00
2.909238200001040e+10  4.231309357666863e+00
2.916198100001043e+10  4.187184961589058e+00
2.923158000001045e+10  4.143490846906848e+00
2.930117900001048e+10  4.100223184035814e+00
2.937077800001051e+10  4.057378171032366e+00
2.944037700001053e+10  4.014952033527383e+00
2.950997600001056e+10  3.972941024656778e+00
2.957957500001058e+10  3.931341424989094e+00
2.964917400001061e+10  3.890149542450195e+00
2.971877300001063e+10  3.849361712245162e+00
2.978837200001066e+10  3.808974296777447e+00
2.985797100001069e+10  3.768983685565405e+00
2.992757000001071e+10  3.729386295156249e+00
2.999716900001074e+10  3.690178569037517e+00
3.006676800001077e+10  3.651356977546151e+00
3.013636700001079e+10  3.612918017775230e+00
3.020596600001082e+10  3.574858213478453e+00
3.027556500001084e+10  3.537174114972437e+00
3.034516400001087e+10  3.499862299036908e+00
3.041476300001090e+10  3.462919368812851e+00
3.048436200001092e+10  3.426341953698691e+00
3.055396100001094e+10  3.390126709244564e+00
3.062356000001097e+10  3.354270317044760e+00
3.069315900001100e+10  3.318769484628396e+00
3.076275800001102e+10  3.283620945348375e+00
3.083235700001105e+10  3.248821458268710e+00
3.090195600001108e+10  3.214367808050255e+00
3.097155500001110e+10  3.180256804834932e+00
3.104115400001113e+10  3.146485284128475e+00
3.111075300001115e+10  3.113050106681785e+00
3.118035200001118e+10  3.079948158370931e+00
3.124995100001120e+10  3.047176350075864e+00
3.131955000001123e+10  3.014731617557886e+00
3.138914900001126e+10  2.982610921335947e+00
3.145874800001129e+10  2.950811246561795e+00
3.152834700001131e+10  2.919329602894064e+00
3.159794600001134e+10  2.888163024371321e+00
3.166754500001136e+10  2.857308569284138e+00
3.173714400001139e+10  2.826763320046219e+00
3.180674300001141e+10  2.796524383064666e+00
3.187634200001144e+10  2.766588888609384e+00
3.194594100001147e+10  2.736953990681698e+00
3.201554000001149e+10  2.707616866882227e+00
3.208513900001152e+10  2.678574718278042e+00
3.215473800001155e+10  2.649824769269169e+00
3.222433700001157e+10  2.621364267454456e+00
3.229393600001160e+10  2.593190483496865e+00
3.236353500001162e+10  2.565300710988223e+00
3.243313400001165e+10  2.537692266313466e+00
3.250273300001167e+10  2.510362488514407e+00
3.257233200001170e+10  2.483308739153087e+00
3.264193100001173e+10  2.456528402174718e+00
3.271153000001175e+10  2.430018883770281e+00
3.278112900001178e+10  2.403777612238784e+00
3.285072800001181e+10  2.377802037849239e+00
3.292032700001183e+10  2.352089632702374e+00
3.298992600001186e+10  2.326637890592119e+00
3.305952500001188e+10  2.301444326866896e+00
3.312912400001191e+10  2.276506478290746e+00
3.319872300001194e+10  2.251821902904313e+00
3.326832200001196e+10  2.227388179885728e+00
3.333792100001199e+10  2.203202909411407e+00
3.340752000001201e+10  2.179263712516804e+00
3.347711900001204e+10  2.155568230957130e+00
3.354671800001207e+10  2.132114127068085e+00
3.361631700001209e+10  2.108899083626604e+00
3.368591600001212e+10  2.085920803711665e+00
3.375551500001214e+10  2.063177010565159e+00
3.382511400001217e+10  2.040665447452873e+00
3.389471300001220e+10  2.018383877525586e+00
3.396431200001222e+10  1.996330083680310e+00
3.403391100001225e+10  1.974501868421695e+00
3.410351000001227e+10  1.952897053723624e+00
3.417310900001230e+10  1.931513480891009e+00
3.424270800001233e+10  1.910349010421821e+00
3.431230700001235e+10  1.889401521869357e+00
3.438190600001238e+10  1.868668913704778e+00
3.445150500001241e+10  1.848149103179927e+00
3.452110400001243e+10  1.827840026190448e+00
3.459070300001246e+10  1.807739637139219e+00
3.466030200001248e+10  1.787845908800129e+00
3.472990100001251e+10  1.768156832182191e+00
3.479950000001254e+10  1.748670416394032e+00
3.486909900001257e+10  1.729384688508763e+00
3.493869800001259e+10  1.710297693429234e+00
3.500829700001261e+10  1.691407493753718e+00
3.507789600001264e+10  1.672712169641997e+00
3.514749500001267e+10  1.654209818681905e+00
3.521709400001269e+10  1.635898555756305e+00
3.528669300001272e+10  1.617776512910542e+00
3.535629200001274e+10  1.599841839220358e+00
3.542589100001276e+10  1.582092700660304e+00
3.549549000001279e+10  1.564527279972640e+00
3.556508900001282e+10  1.547143776536756e+00
3.563468800001285e+10  1.529940406239091e+00
3.570428700001287e+10  1.512915401343608e+00
3.577388600001289e+10  1.496067010362780e+00
3.584348500001293e+10  1.479393497929150e+00
3.591308400001296e+10  1.462893144667424e+00
3.598268300001298e+10  1.446564247067148e+00
3.605228200001301e+10  1.430405117355947e+00
3.612188100001303e+10  1.414414083373356e+00
3.619148000001305e+10  1.398589488445230e+00
3.626107900001308e+10  1.382929691258759e+00
3.633067800001311e+10  1.367433065738086e+00
3.640027700001314e+10  1.352098000920531e+00
3.646987600001316e+10  1.336922900833437e+00
3.653947500001318e+10  1.321906184371636e+00
3.660907400001321e+10  1.307046285175550e+00
3.667867300001324e+10  1.292341651509917e+00
3.674827200001326e+10  1.277790746143170e+00
3.681787100001329e+10  1.263392046227445e+00
3.688747000001331e+10  1.249144043179258e+00
3.695706900001334e+10  1.235045242560820e+00
3.702666800001337e+10  1.221094163962019e+00
3.709626700001339e+10  1.207289340883063e+00
3.716586600001343e+10  1.193629320617793e+00
3.723546500001345e+10  1.180112664137658e+00
3.730506400001347e+10  1.166737945976374e+00
3.737466300001350e+10  1.153503754115251e+00
3.744426200001353e+10  1.140408689869206e+00
3.751386100001355e+10  1.127451367773454e+00
3.758346000001358e+10  1.114630415470888e+00
3.765305900001360e+10  1.101944473600141e+00
3.772265800001363e+10  1.089392195684342e+00
3.779225700001366e+10  1.076972248020562e+00
3.786185600001368e+10  1.064683309569954e+00
3.793145500001371e+10  1.052524071848582e+00
3.800105400001373e+10  1.040493238818955e+00
3.807065300001376e+10  1.028589526782251e+00
3.814025200001379e+10  1.016811664271242e+00
3.820985100001381e+10  1.005158391943920e+00
3.827945000001383e+10  9.936284624778172e-01
3.834904900001386e+10  9.822206404650352e-01
3.841864800001389e+10  9.709337023079657e-01
3.848824700001391e+10  9.597664361157194e-01
3.855784600001395e+10  9.487176416012529e-01
3.862744500001397e+10  9.377861299791982e-01
3.869704400001400e+10  9.269707238643927e-01
3.876664300001402e+10  9.162702571711104e-01
3.883624200001405e+10  9.056835750129929e-01
3.890584100001408e+10  8.952095336036822e-01
3.897544000001410e+10  8.848470001581507e-01
3.904503900001412e+10  8.745948527947304e-01
3.911463800001415e+10  8.644519804378424e-01
3.918423700001418e+10  8.544172827214190e-01
3.925383600001420e+10  8.444896698930233e-01
3.932343500001423e+10  8.346680627186647e-01
3.939303400001425e+10  8.249513923883053e-01
3.946263300001428e+10  8.153386004220599e-01
3.953223200001431e+10  8.058286385770848e-01
3.960183100001433e+10  7.964204687551566e-01
3.967143000001436e+10  7.871130629109377e-01
3.974102900001438e+10  7.779054029609260e-01
3.981062800001440e+10  7.687964806930900e-01
3.988022700001444e+10  7.597852976771840e-01
3.994982600001447e+10  7.508708651757436e-01
4.001942500001449e+10  7.420522040557590e-01
4.008902400001452e+10  7.333283447010223e-01
4.015862300001454e+10  7.246983269251490e-01
4.022822200001457e+10  7.161611998852713e-01
4.029782100001460e+10  7.077160219963973e-01
4.036742000001462e+10  6.993618608464384e-01
4.043701900001463e+10  6.910977931119001e-01
4.050661800001466e+10  6.829229044742325e-01
4.057621700001468e+10  6.748362895368420e-01
4.064581600001470e+10  6.668370517427556e-01
4.071541500001473e+10  6.589243032929406e-01
4.078501400001474e+10  6.510971650652739e-01
4.085461300001476e+10  6.433547665341588e-01
4.092421200001479e+10  6.356962456907873e-01
4.099381100001481e+10  6.281207489640435e-01
4.106341000001482e+10  6.206274311420457e-01
4.113300900001485e+10  6.132154552943254e-01
4.120260800001487e+10  6.058839926946386e-01
4.127220700001489e+10  5.986322227444065e-01
4.134180600001492e+10  5.914593328967847e-01
4.141140500001493e+10  5.843645185813531e-01
4.148100400001496e+10  5.773469831294298e-01
4.155060300001498e+10  5.704059376999998e-01
4.162020200001501e+10  5.635406012062578e-01
4.168980100001503e+10  5.567502002427637e-01
4.175940000001505e+10  5.500339690132031e-01
4.182899900001507e+10  5.433911492587546e-01
4.189859800001509e+10  5.368209901870554e-01
4.196819700001511e+10  5.303227484017667e-01
4.203779600001513e+10  5.238956878327319e-01
4.210739500001515e+10  5.175390796667251e-01
4.217699400001518e+10  5.112522022787894e-01
4.224659300001520e+10  5.050343411641559e-01
4.231619200001522e+10  4.988847888707457e-01
4.238579100001524e+10  4.928028449322469e-01
4.245539000001526e+10  4.867878158017669e-01
4.252498900001528e+10  4.808390147860532e-01
4.259458800001531e+10  4.749557619802818e-01
4.266418700001532e+10  4.691373842034081e-01
4.273378600001534e+10  4.633832149340770e-01
4.280338500001537e+10  4.576925942470888e-01
4.287298400001539e+10  4.520648687504184e-01
4.294258300001541e+10  4.464993915227828e-01
4.301218200001543e+10  4.409955220517531e-01
4.308178100001546e+10  4.355526261724088e-01
4.315138000001548e+10  4.301700760065310e-01
4.322097900001550e+10  4.248472499023279e-01
4.329057800001553e+10  4.195835323746938e-01
4.336017700001554e+10  4.143783140459941e-01
4.342977600001556e+10  4.092309915873738e-01
4.349937500001559e+10  4.041409676605862e-01
4.356897400001561e+10  3.991076508603396e-01
4.363857300001563e+10  3.941304556571555e-01
4.370817200001565e+10  3.892088023407366e-01
4.377777100001567e+10  3.843421169638411e-01
4.384737000001569e+10  3.795298312866586e-01
4.391696900001572e+10  3.747713827216852e-01
4.398656800001573e+10  3.700662142790935e-01
4.405616700001576e+10  3.654137745125940e-01
4.412576600001578e+10  3.608135174657851e-01
4.419536500001580e+10  3.562649026189869e-01
4.426496400001582e+10  3.517673948365560e-01
4.433456300001584e+10  3.473204643146775e-01
4.440416200001586e+10  3.429235865296320e-01
4.447376100001588e+10  3.385762421865309e-01
4.454336000001591e+10  3.342779171685201e-01
4.461295900001593e+10  3.300281024864459e-01
4.468255800001595e+10  3.258262942289812e-01
4.475215700001598e+10  3.216719935132086e-01
4.482175600001600e+10  3.175647064356539e-01
4.489135500001602e+10  3.135039440237721e-01
4.496095400001604e+10  3.094892221878766e-01
4.503055300001606e+10  3.055200616735124e-01
4.510015200001608e+10  3.015959880142675e-01
4.516975100001611e+10  2.977165314850197e-01
4.523935000001612e+10  2.938812270556165e-01
4.530894900001614e+10  2.900896143449824e-01
4.537854800001617e+10  2.863412375756523e-01
4.544814700001619e+10  2.826356455287272e-01
4.551774600001621e+10  2.789723914992470e-01
4.558734500001623e+10  2.753510332519806e-01
4.565694400001625e+10  2.717711329776261e-01
4.572654300001627e+10  2.682322572494206e-01
4.579614200001630e+10  2.647339769801550e-01
4.586574100001631e+10  2.612758673795909e-01
4.593534000001634e+10  2.578575079122756e-01
4.600493900001636e+10  2.544784822557542e-01
4.607453800001638e+10  2.511383782591715e-01
4.614413700001640e+10  2.478367879022649e-01
4.621373600001643e+10  2.445733072547425e-01
4.628333500001645e+10  2.413475364360432e-01
4.635293400001647e+10  2.381590795754771e-01
4.642253300001650e+10  2.350075447727413e-01
4.649213200001652e+10  2.318925440588095e-01
4.656173100001653e+10  2.288136933571915e-01
4.663133000001656e+10  2.257706124455585e-01
4.670092900001658e+10  2.227629249177341e-01
4.677052800001660e+10  2.197902581460439e-01
4.684012700001662e+10  2.168522432440244e-01
4.690972600001664e+10  2.139485150294853e-01
4.697932500001666e+10  2.110787119879242e-01
4.704892400001669e+10  2.082424762362893e-01
4.711852300001671e+10  2.054394534870880e-01
4.718812200001672e+10  2.026692930128378e-01
4.725772100001675e+10  1.999316476108570e-01
4.732732000001677e+10  1.972261735683918e-01
4.739691900001679e+10  1.945525306280783e-01
4.746651800001681e+10  1.919103819537338e-01
4.753611700001683e+10  1.892993940964765e-01
4.760571600001685e+10  1.867192369611716e-01
4.767531500001688e+10  1.841695837731983e-01
4.774491400001690e+10  1.816501110455364e-01
4.781451300001692e+10  1.791604985461704e-01
4.788411200001695e+10  1.767004292658067e-01
4.795371100001697e+10  1.742695893859020e-01
4.802331000001699e+10  1.718676682470005e-01
4.809290900001701e+10  1.694943583173758e-01
4.816250800001703e+10  1.671493551619770e-01
4.823210700001705e+10  1.648323574116736e-01
4.830170600001708e+10  1.625430667327993e-01
4.837130500001710e+10  1.602811877969889e-01
4.844090400001711e+10  1.580464282513096e-01
4.851050300001714e+10  1.558384986886800e-01
4.858010200001716e+10  1.536571126185770e-01
4.864970100001718e+10  1.515019864380269e-01
4.871930000001720e+10  1.493728394028787e-01
4.878889900001722e+10  1.472693935993557e-01
4.885849800001724e+10  1.451913739158850e-01
4.892809700001727e+10  1.431385080152008e-01
4.899769600001729e+10  1.411105263067190e-01
4.906729500001730e+10  1.391071619191819e-01
4.913689400001733e+10  1.371281506735688e-01
4.920649300001735e+10  1.351732310562721e-01
4.927609200001737e+10  1.332421441925341e-01
4.934569100001740e+10  1.313346338201444e-01
4.941529000001742e+10  1.294504462633939e-01
4.948488900001744e+10  1.275893304072839e-01
4.955448800001746e+10  1.257510376719873e-01
4.962408700001749e+10  1.239353219875604e-01
4.969368600001751e+10  1.221419397689020e-01
4.976328500001753e+10  1.203706498909587e-01
4.983288400001755e+10  1.186212136641727e-01
4.990248300001757e+10  1.168933948101711e-01
4.997208200001759e+10  1.151869594376939e-01
5.004168100001761e+10  1.135016760187581e-01
5.011128000001763e+10  1.118373153650571e-01
5.018087900001765e+10  1.101936506045906e-01
5.025047800001768e+10  1.085704571585267e-01
5.032007700001770e+10  1.069675127182894e-01
5.038967600001772e+10  1.053845972228738e-01
5.045927500001774e+10  1.038214928363838e-01
5.052887400001776e+10  1.022779839257912e-01
5.059847300001778e+10  1.007538570389148e-01
5.066807200001780e+10  9.924890088261636e-02
5.073767100001782e+10  9.776290630121214e-02
5.080727000001785e+10  9.629566625509710e-02
5.087686900001787e+10  9.484697579958111e-02
5.094646800001789e+10  9.341663206393372e-02
5.101606700001791e+10  9.200443423063642e-02
5.108566600001794e+10  9.061018351484032e-02
5.115526500001796e+10  8.923368314402684e-02
5.122486400001798e+10  8.787473833787005e-02
5.129446300001801e+10  8.653315628829823e-02
5.136406200001802e+10  8.520874613975330e-02
5.143366100001804e+10  8.390131896964564e-02
5.150326000001807e+10  8.261068776900297e-02
5.157285900001809e+10  8.133666742331107e-02
5.164245800001811e+10  8.007907469354454e-02
5.171205700001813e+10  7.883772819738617e-02
5.178165600001815e+10  7.761244839063247e-02
5.185125500001817e+10  7.640305754878403e-02
5.192085400001820e+10  7.520937974881900e-02
5.199045300001821e+10  7.403124085114757e-02
5.206005200001823e+10  7.286846848174582e-02
5.212965100001826e+10  7.172089201446741e-02
5.219925000001828e+10  7.058834255353133e-02
5.226884900001830e+10  6.947065291618383e-02
5.233844800001832e+10  6.836765761553289e-02
5.240804700001834e+10  6.727919284355383e-02
5.247764600001836e+10  6.620509645426406e-02
5.254724500001839e+10  6.514520794706567e-02
5.261684400001841e+10  6.409936845025378e-02
5.268644300001843e+10  6.306742070468954e-02
5.275604200001846e+10  6.204920904763583e-02
5.282564100001848e+10  6.104457939675427e-02
5.289524000001850e+10  6.005337923426182e-02
5.296483900001852e+10  5.907545759124570e-02
5.303443800001854e+10  5.811066503213462e-02
5.310403700001856e+10  5.715885363932526e-02
5.317363600001859e+10  5.621987699796221e-02
5.324323500001860e+10  5.529359018087003e-02
5.331283400001862e+10  5.437984973363574e-02
5.338243300001865e+10  5.347851365984065e-02
5.345203200001867e+10  5.258944140643952e-02
5.352163100001869e+10  5.171249384928612e-02
5.359123000001871e+10  5.084753327880350e-02
5.366082900001873e+10  4.999442338579753e-02
5.373042800001875e+10  4.915302924741254e-02
5.380002700001878e+10  4.832321731322724e-02
5.386962600001880e+10  4.750485539149014e-02
5.393922500001881e+10  4.669781263549246e-02
5.400882400001884e+10  4.590195953007764e-02
5.407842300001886e+10  4.511716787828603e-02
5.414802200001889e+10  4.434331078813307e-02
5.421762100001891e+10  4.358026265952024e-02
5.428722000001893e+10  4.282789917127697e-02
5.435681900001895e+10  4.208609726833251e-02
5.442641800001897e+10  4.135473514901619e-02
5.449601700001900e+10  4.063369225248532e-02
5.456561600001901e+10  3.992284924627881e-02
5.463521500001904e+10  3.922208801399584e-02
5.470481400001906e+10  3.853129164309788e-02
5.477441300001908e+10  3.785034441283330e-02
5.484401200001910e+10  3.717913178228290e-02
5.491361100001912e+10  3.651754037852557e-02
5.498321000001914e+10  3.586545798492257e-02
5.505280900001917e+10  3.522277352951944e-02
5.512240800001919e+10  3.458937707356435e-02
5.519200700001920e+10  3.396515980014166e-02
5.526160600001923e+10  3.335001400291958e-02
5.533120500001925e+10  3.274383307501089e-02
5.540080400001927e+10  3.214651149794543e-02
5.547040300001930e+10  3.155794483075347e-02
5.554000200001931e+10  3.097802969915849e-02
5.560960100001933e+10  3.040666378487882e-02
5.567920000001936e+10  2.984374581503648e-02
5.574879900001939e+10  2.928917555167267e-02
5.581839800001940e+10  2.874285378136837e-02
5.588799700001942e+10  2.820468230496946e-02
5.595759600001945e+10  2.767456392741497e-02
5.602719500001947e+10  2.715240244766753e-02
5.609679400001949e+10  2.663810264874523e-02
5.616639300001951e+10  2.613157028785340e-02
5.623599200001953e+10  2.563271208661586e-02
5.630559100001955e+10  2.514143572140415e-02
5.637519000001958e+10  2.465764981376424e-02
5.644478900001959e+10  2.418126392093923e-02
5.651438800001962e+10  2.371218852648757e-02
5.658398700001964e+10  2.325033503099551e-02
5.665358600001966e+10  2.279561574288299e-02
5.672318500001968e+10  2.234794386930198e-02
5.679278400001970e+10  2.190723350712638e-02
5.686238300001972e+10  2.147339963403258e-02
5.693198200001975e+10  2.104635809966962e-02
5.700158100001977e+10  2.062602561691835e-02
5.707118000001979e+10  2.021231975323834e-02
5.714077900001981e+10  1.980515892210201e-02
5.721037800001983e+10  1.940446237451480e-02
5.727997700001985e+10  1.901015019062072e-02
5.734957600001988e+10  1.862214327139240e-02
5.741917500001990e+10  1.824036333040460e-02
5.748877400001992e+10  1.786473288569073e-02
5.755837300001994e+10  1.749517525168106e-02
5.762797200001997e+10  1.713161453122222e-02
5.769757100001999e+10  1.677397560767698e-02
5.776717000002000e+10  1.642218413710345e-02
5.783676900002003e+10  1.607616654051307e-02
5.790636800002005e+10  1.573584999620645e-02
5.797596700002007e+10  1.540116243218639e-02
5.804556600002009e+10  1.507203251864717e-02
5.811516500002011e+10  1.474838966053954e-02
5.818476400002013e+10  1.443016399021043e-02
5.825436300002016e+10  1.411728636011675e-02
5.832396200002018e+10  1.380968833561259e-02
5.839356100002020e+10  1.350730218780893e-02
5.846316000002022e+10  1.321006088650520e-02
5.853275900002024e+10  1.291789809319205e-02
5.860235800002026e+10  1.263074815412449e-02
5.867195700002029e+10  1.234854609346471e-02
5.874155600002030e+10  1.207122760649398e-02
5.881115500002033e+10  1.179872905289278e-02
5.888075400002035e+10  1.153098745008866e-02
5.895035300002038e+10  1.126794046667089e-02
5.901995200002039e+10  1.100952641587155e-02
5.908955100002042e+10  1.075568424911209e-02
5.915915000002044e+10  1.050635354961487e-02
5.922874900002046e+10  1.026147452607902e-02
5.929834800002049e+10  1.002098800641990e-02
5.936794700002050e+10  9.784835431571490e-03
5.943754600002052e+10  9.552958849351317e-03
5.950714500002055e+10  9.325300908386902e-03
5.957674400002057e+10  9.101804852103473e-03
5.964634300002058e+10  8.882414512772070e-03
5.971594200002061e+10  8.667074305617594e-03
5.978554100002063e+10  8.455729222986080e-03
5.985514000002065e+10  8.248324828570687e-03
5.992473900002068e+10  8.044807251695749e-03
5.999433800002069e+10  7.845123181658320e-03
6.006393700002071e+10  7.649219862126680e-03
6.013353600002074e+10  7.457045085595112e-03
6.020313500002076e+10  7.268547187894526e-03
6.027273400002078e+10  7.083675042758239e-03
6.034233300002080e+10  6.902378056442443e-03
6.041193200002082e+10  6.724606162400753e-03
6.048153100002084e+10  6.550309816012318e-03
6.055113000002087e+10  6.379439989362950e-03
6.062072900002089e+10  6.211948166078723e-03
6.069032800002091e+10  6.047786336211512e-03
6.075992700002094e+10  5.886906991175980e-03
6.082952600002096e+10  5.729263118737447e-03
6.089912500002098e+10  5.574808198050150e-03
6.096872400002100e+10  5.423496194745386e-03
6.103832300002102e+10  5.275281556069041e-03
6.110792200002104e+10  5.130119206067971e-03
6.117752100002107e+10  4.987964540824779e-03
6.124712000002108e+10  4.848773423740495e-03
6.131671900002110e+10  4.712502180864647e-03
6.138631800002113e+10  4.579107596272263e-03
6.145591700002115e+10  4.448546907487351e-03
6.152551600002117e+10  4.320777800952329e-03
6.159511500002119e+10  4.195758407543006e-03
6.166471400002121e+10  4.073447298128606e-03
6.173431300002123e+10  3.953803479176409e-03
6.180391200002126e+10  3.836786388400531e-03
6.187351100002128e+10  3.722355890454424e-03
6.194311000002129e+10  3.610472272666637e-03
6.201270900002132e+10  3.501096240819401e-03
6.208230800002134e+10  3.394188914969618e-03
6.215190700002137e+10  3.289711825311802e-03
6.222150600002139e+10  3.187626908082584e-03
6.229110500002141e+10  3.087896501506312e-03
6.236070400002143e+10  2.990483341781374e-03
6.243030300002145e+10  2.895350559106814e-03
6.249990200002148e+10  2.802461673748825e-03
6.256950100002149e+10  2.711780592146745e-03
6.263910000002152e+10  2.623271603058112e-03
6.270869900002154e+10  2.536899373742426e-03
6.277829800002156e+10  2.452628946183204e-03
6.284789700002158e+10  2.370425733347942e-03
6.291749600002160e+10  2.290255515485610e-03
6.298709500002162e+10  2.212084436461290e-03
6.305669400002165e+10  2.135879000127591e-03
6.312629300002167e+10  2.061606066732457e-03
6.319589200002168e+10  1.989232849363016e-03
6.326549100002171e+10  1.918726910425091e-03
6.333509000002173e+10  1.850056158158019e-03
6.340468900002175e+10  1.783188843184426e-03
6.347428800002177e+10  1.718093555094592e-03
6.354388700002179e+10  1.654739219065066e-03
6.361348600002181e+10  1.593095092511182e-03
6.368308500002184e+10  1.533130761773141e-03
6.375268400002187e+10  1.474816138835298e-03
6.382228300002188e+10  1.418121458078343e-03
6.389188200002190e+10  1.363017273064032e-03
6.396148100002193e+10  1.309474453352136e-03
6.403108000002195e+10  1.257464181349294e-03
6.410067900002197e+10  1.206957949189431e-03
6.417027800002199e+10  1.157927555645438e-03
6.423987700002201e+10  1.110345103071791e-03
6.430947600002203e+10  1.064182994377795e-03
6.437907500002206e+10  1.019413930031142e-03
6.444867400002207e+10  9.760109050914897e-04
6.451827300002210e+10  9.339472062737386e-04
6.458787200002212e+10  8.931964090407222e-04
6.465747100002214e+10  8.537323747250061e-04
6.472707000002216e+10  8.155292476795038e-04
6.479666900002218e+10  7.785614524566208e-04
6.486626800002220e+10  7.428036910156322e-04
6.493586700002222e+10  7.082309399580163e-04
6.500546600002225e+10  6.748184477904564e-04
6.507506500002227e+10  6.425417322152358e-04
6.514466400002229e+10  6.113765774477439e-04
6.521426300002231e+10  5.812990315608256e-04
6.528386200002233e+10  5.522854038557003e-04
6.535346100002236e+10  5.243122622591802e-04
6.542306000002238e+10  4.973564307469275e-04
6.549265900002240e+10  4.713949867924829e-04
6.556225800002242e+10  4.464052588418085e-04
6.563185700002245e+10  4.223648238130856e-04
6.570145600002247e+10  3.992515046215141e-04
6.577105500002248e+10  3.770433677288607e-04
6.584065400002251e+10  3.557187207175061e-04
6.591025300002253e+10  3.352561098887433e-04
6.597985200002255e+10  3.156343178850850e-04
6.604945100002258e+10  2.968323613363351e-04
6.611905000002259e+10  2.788294885291860e-04
6.618864900002261e+10  2.616051771001043e-04
6.625824800002264e+10  2.451391317512703e-04
6.632784700002266e+10  2.294112819893389e-04
6.639744600002268e+10  2.144017798867908e-04
6.646704500002270e+10  2.000909978656485e-04
6.653664400002272e+10  1.864595265033291e-04
6.660624300002274e+10  1.734881723604129e-04
6.667584200002277e+10  1.611579558301059e-04
6.674544100002278e+10  1.494501090091779e-04
6.681504000002280e+10  1.383460735901598e-04
6.688463900002284e+10  1.278274987745863e-04
6.695423800002286e+10  1.178762392070713e-04
6.702383700002287e+10  1.084743529300073e-04
6.709343600002290e+10  9.960409935867968e-05
6.716303500002292e+10  9.124793727659150e-05
6.723263400002294e+10  8.338852285079499e-05
6.730223300002296e+10  7.600870766702822e-05
6.737183200002298e+10  6.909153678445756e-05
6.744143100002300e+10  6.262024680982874e-05
6.751103000002303e+10  5.657826399083128e-05
6.758062900002305e+10  5.094920232848265e-05
6.765022800002307e+10  4.571686170834132e-05
6.771982700002309e+10  4.086522605035858e-05
6.778942600002311e+10  3.637846147718239e-05
6.785902500002313e+10  3.224091450072714e-05
6.792862400002316e+10  2.843711022682591e-05
6.799822300002317e+10  2.495175057778322e-05
6.806782200002319e+10  2.176971253264858e-05
6.813742100002322e+10  1.887604638503235e-05
6.820702000002324e+10  1.625597401828789e-05
6.827661900002326e+10  1.389488719788526e-05
6.834621800002328e+10  1.177834588080383e-05
6.841581700002330e+10  9.892076541772696e-06
6.848541600002333e+10  8.221970516189779e-06
6.855501500002335e+10  6.754082359551892e-06
6.862461400002337e+10  5.474628223230083e-06
6.869421300002339e+10  4.369984246426016e-06
6.876381200002340e+10  3.426684964146950e-06
6.883341100002344e+10  2.631421731038439e-06
6.890301000002345e+10  1.971041160915606e-06
6.897260900002347e+10  1.432543581835370e-06
6.904220800002350e+10  1.003081506553667e-06
6.911180700002351e+10  6.699581182132727e-07
6.918140600002354e+10  4.206257711093903e-07
6.925100500002356e+10  2.426845063817440e-07
6.932060400002359e+10  1.238805824834349e-07
6.939020300002360e+10  5.210502027835005e-08
6.945980200002364e+10  1.539216262041326e-08
6.952940100002365e+10  1.918248269461132e-09
6.959900000000000e+10  1.000000000000000e-24
