 1.085854e-08          # dimensionless surface pressure
      1001             # radial resolution
# r  rho  (dimensionless)
   0.0000000000000000       0.78539816339557789     
   1.0000000000002585E-003  0.78539687146844539     
   2.0000000000005174E-003  0.78539299569318732     
   3.0000000000007759E-003  0.78538653609353903     
   4.0000000000010331E-003  0.78537749270768087     
   5.0000000000012933E-003  0.78536586558913735     
   6.0000000000015518E-003  0.78535165480675029     
   7.0000000000018103E-003  0.78533486044466727     
   8.0000000000020697E-003  0.78531548260233719     
   9.0000000000023291E-003  0.78529352139450792     
   1.0000000000002587E-002  0.78526897695122644     
   1.1000000000002844E-002  0.78524184941783515     
   1.2000000000003102E-002  0.78521213895497344     
   1.3000000000003360E-002  0.78517984573857491     
   1.4000000000003617E-002  0.78514496995986627     
   1.5000000000003880E-002  0.78510751182536620     
   1.6000000000004139E-002  0.78506747155688394     
   1.7000000000004394E-002  0.78502484939151784     
   1.8000000000004655E-002  0.78497964558165245     
   1.9000000000004898E-002  0.78493186039495844     
   2.0000000000005159E-002  0.78488149411439034     
   2.1000000000005417E-002  0.78482854703818339     
   2.2000000000005689E-002  0.78477301947985290     
   2.3000000000005946E-002  0.78471491176819097     
   2.4000000000006207E-002  0.78465422424726461     
   2.5000000000006465E-002  0.78459095727641326     
   2.6000000000006726E-002  0.78452511123024660     
   2.7000000000006980E-002  0.78445668649864120     
   2.8000000000007241E-002  0.78438568348673843     
   2.9000000000007499E-002  0.78431210261494100     
   3.0000000000007760E-002  0.78423594431891064     
   3.1000000000008014E-002  0.78415720904956454     
   3.2000000000008279E-002  0.78407589727307248     
   3.3000000000008550E-002  0.78399200947085335     
   3.4000000000008808E-002  0.78390554613957186     
   3.5000000000009052E-002  0.78381650779113454     
   3.6000000000009323E-002  0.78372489495268727     
   3.7000000000009588E-002  0.78363070816661096     
   3.8000000000009845E-002  0.78353394799051634     
   3.9000000000010096E-002  0.78343461499724321     
   4.0000000000010361E-002  0.78333270977485303     
   4.1000000000010618E-002  0.78322823292662691     
   4.2000000000010883E-002  0.78312118507106088     
   4.3000000000011120E-002  0.78301156684186080     
   4.4000000000011391E-002  0.78289937888793915     
   4.5000000000011642E-002  0.78278462187340903     
   4.6000000000011892E-002  0.78266729647758104     
   4.7000000000012143E-002  0.78254740339495676     
   4.8000000000012415E-002  0.78242494333522572     
   4.9000000000012658E-002  0.78229991702325852     
   5.0000000000012916E-002  0.78217232519910329     
   5.1000000000013174E-002  0.78204216861797982     
   5.2000000000013424E-002  0.78190944805027385     
   5.3000000000013675E-002  0.78177416428153246     
   5.4000000000013933E-002  0.78163631811245748     
   5.5000000000014197E-002  0.78149591035890120     
   5.6000000000014455E-002  0.78135294185185966     
   5.7000000000014699E-002  0.78120741343746680     
   5.8000000000014956E-002  0.78105932597698913     
   5.9000000000015214E-002  0.78090868034681893     
   6.0000000000015478E-002  0.78075547743846807     
   6.1000000000015729E-002  0.78059971815856333     
   6.2000000000015980E-002  0.78044140342883728     
   6.3000000000016237E-002  0.78028053418612420     
   6.4000000000016488E-002  0.78011711138235185     
   6.5000000000016753E-002  0.77995113598453603     
   6.6000000000017017E-002  0.77978260897477292     
   6.7000000000017254E-002  0.77961153135023242     
   6.8000000000017519E-002  0.77943790412315106     
   6.9000000000017769E-002  0.77926172832082496     
   7.0000000000018020E-002  0.77908300498560257     
   7.1000000000018285E-002  0.77890173517487726     
   7.2000000000018535E-002  0.77871791996108009     
   7.3000000000018800E-002  0.77853156043167193     
   7.4000000000019051E-002  0.77834265768913602     
   7.5000000000019301E-002  0.77815121285096989     
   7.6000000000019566E-002  0.77795722704967807     
   7.7000000000019816E-002  0.77776070143276377     
   7.8000000000020067E-002  0.77756163716272009     
   7.9000000000020332E-002  0.77736003541702381     
   8.0000000000020582E-002  0.77715589738812452     
   8.1000000000020847E-002  0.77694922428343860     
   8.2000000000021112E-002  0.77674001732533882     
   8.3000000000021376E-002  0.77652827775114686     
   8.4000000000021641E-002  0.77631400681312435     
   8.5000000000021905E-002  0.77609720577846375     
   8.6000000000022170E-002  0.77587787592927981     
   8.7000000000022434E-002  0.77565601856260080     
   8.8000000000022699E-002  0.77543163499035783     
   8.9000000000022964E-002  0.77520472653937755     
   9.0000000000023242E-002  0.77497529455137193     
   9.1000000000023493E-002  0.77474334038292891     
   9.2000000000023757E-002  0.77450886540550234     
   9.3000000000024022E-002  0.77427187100540296     
   9.4000000000024286E-002  0.77403235858378883     
   9.5000000000024551E-002  0.77379032955665461     
   9.6000000000024815E-002  0.77354578535482232     
   9.7000000000025080E-002  0.77329872742393069     
   9.8000000000025345E-002  0.77304915722442569     
   9.9000000000025609E-002  0.77279707623154970     
  0.10000000000002587       0.77254248593533115     
  0.10100000000002614       0.77228538784057443     
  0.10200000000002640       0.77202578346684791     
  0.10300000000002667       0.77176367434847637     
  0.10400000000002693       0.77149906203452612     
  0.10500000000002720       0.77123194808879736     
  0.10600000000002746       0.77096233408981152     
  0.10700000000002773       0.77069022163080037     
  0.10800000000002798       0.77041561231969569     
  0.10900000000002825       0.77013850777911608     
  0.11000000000002851       0.76985890964635795     
  0.11100000000002877       0.76957681957338198     
  0.11200000000002903       0.76929223922680257     
  0.11300000000002930       0.76900517028787552     
  0.11400000000002956       0.76871561445248648     
  0.11500000000002983       0.76842357343113943     
  0.11600000000003009       0.76812904894894396     
  0.11700000000003036       0.76783204274560279     
  0.11800000000003062       0.76753255657540131     
  0.11900000000003089       0.76723059220719247     
  0.12000000000003115       0.76692615142438780     
  0.12100000000003142       0.76661923602494086     
  0.12200000000003168       0.76630984782133793     
  0.12300000000003194       0.76599798864058455     
  0.12400000000003220       0.76568366032419000     
  0.12500000000003247       0.76536686472815840     
  0.12600000000003275       0.76504760372297276     
  0.12700000000003300       0.76472587919358292     
  0.12800000000003328       0.76440169303939209     
  0.12900000000003353       0.76407504717424346     
  0.13000000000003381       0.76374594352640712     
  0.13100000000003406       0.76341438403856510     
  0.13200000000003434       0.76308037066779988     
  0.13300000000003459       0.76274390538557890     
  0.13400000000003487       0.76240499017774155     
  0.13500000000003512       0.76206362704448438     
  0.13600000000003540       0.76171981800034805     
  0.13700000000003565       0.76137356507420240     
  0.13800000000003593       0.76102487030923238     
  0.13900000000003618       0.76067373576292396     
  0.14000000000003643       0.76032016350704934     
  0.14100000000003671       0.75996415562765196     
  0.14200000000003696       0.75960571422503309     
  0.14300000000003724       0.75924484141373594     
  0.14400000000003749       0.75888153932253044     
  0.14500000000003779       0.75851581009440061     
  0.14600000000003807       0.75814765588652600     
  0.14700000000003838       0.75777707887026957     
  0.14800000000003852       0.75740408123116054     
  0.14900000000003880       0.75702866516887968     
  0.15000000000003907       0.75665083289724422     
  0.15100000000003938       0.75627058664419200     
  0.15200000000003966       0.75588792865176435     
  0.15300000000003997       0.75550286117609355     
  0.15400000000004010       0.75511538648738397     
  0.15500000000004036       0.75472550686989692     
  0.15600000000004066       0.75433322462193564     
  0.15700000000004094       0.75393854205582811     
  0.15800000000004125       0.75354146149791090     
  0.15900000000004152       0.75314198528851295     
  0.16000000000004166       0.75274011578193945     
  0.16100000000004197       0.75233585534645420     
  0.16200000000004222       0.75192920636426475     
  0.16300000000004253       0.75152017123150405     
  0.16400000000004267       0.75110875235821373     
  0.16500000000004297       0.75069495216832871     
  0.16600000000004325       0.75027877309965807     
  0.16700000000004339       0.74986021760386956     
  0.16800000000004367       0.74943928814647109     
  0.16900000000004395       0.74901598720679441     
  0.17000000000004425       0.74859031727797742     
  0.17100000000004439       0.74816228086694592     
  0.17200000000004470       0.74773188049439743     
  0.17300000000004498       0.74729911869478183     
  0.17400000000004512       0.74686399801628445     
  0.17500000000004540       0.74642652102080898     
  0.17600000000004568       0.74598669028395737     
  0.17700000000004598       0.74554450839501363     
  0.17800000000004612       0.74509997795692440     
  0.17900000000004640       0.74465310158628173     
  0.18000000000004671       0.74420388191330356     
  0.18100000000004685       0.74375232158181637     
  0.18200000000004712       0.74329842324923578     
  0.18300000000004740       0.74284218958654824     
  0.18400000000004771       0.74238362327829188     
  0.18500000000004785       0.74192272702253848     
  0.18600000000004813       0.74145950353087353     
  0.18700000000004843       0.74099395552837810     
  0.18800000000004857       0.74052608575360879     
  0.18900000000004885       0.74005589695857898     
  0.19000000000004913       0.73958339190874012     
  0.19100000000004944       0.73910857338296088     
  0.19200000000004958       0.73863144417350857     
  0.19300000000004985       0.73815200708602968     
  0.19400000000005016       0.73767026493952981     
  0.19500000000005030       0.73718622056635397     
  0.19600000000005055       0.73669987681216598     
  0.19700000000005086       0.73621123653593046     
  0.19800000000005114       0.73572030260989008     
  0.19900000000005130       0.73522707791954789     
  0.20000000000005158       0.73473156536364559     
  0.20100000000005189       0.73423376785414296     
  0.20200000000005203       0.73373368831619912     
  0.20300000000005228       0.73323132968814997     
  0.20400000000005258       0.73272669492148912     
  0.20500000000005286       0.73221978698084578     
  0.20600000000005317       0.73171060884396544     
  0.20700000000005331       0.73119916350168790     
  0.20800000000005361       0.73068545395792661     
  0.20900000000005386       0.73016948322964748     
  0.21000000000005400       0.72965125434684841     
  0.21100000000005431       0.72913077035253693     
  0.21200000000005459       0.72860803430270893     
  0.21300000000005490       0.72808304926632905     
  0.21400000000005504       0.72755581832530636     
  0.21500000000005534       0.72702634457447468     
  0.21600000000005559       0.72649463112157076     
  0.21700000000005573       0.72596068108721101     
  0.21800000000005604       0.72542449760487160     
  0.21900000000005632       0.72488608382086495     
  0.22000000000005662       0.72434544289431846     
  0.22100000000005676       0.72380257799715209     
  0.22200000000005704       0.72325749231405623     
  0.22300000000005732       0.72271018904246920     
  0.22400000000005746       0.72216067139255469     
  0.22500000000005776       0.72160894258718000     
  0.22600000000005804       0.72105500586189242     
  0.22700000000005835       0.72049886446489719     
  0.22800000000005849       0.71994052165703470     
  0.22900000000005877       0.71937998071175746     
  0.23000000000005905       0.71881724491510701     
  0.23100000000005919       0.71825231756569130     
  0.23200000000005949       0.71768520197466101     
  0.23300000000005977       0.71711590146568749     
  0.23400000000006008       0.71654441937493751     
  0.23500000000006022       0.71597075905105168     
  0.23600000000006049       0.71539492385512038     
  0.23700000000006077       0.71481691716065932     
  0.23800000000006091       0.71423674235358792     
  0.23900000000006119       0.71365440283220394     
  0.24000000000006150       0.71306990200715936     
  0.24100000000006178       0.71248324330143820     
  0.24200000000006194       0.71189443015033094     
  0.24300000000006222       0.71130346600141181     
  0.24400000000006250       0.71071035431451324     
  0.24500000000006264       0.71011509856170218     
  0.24600000000006292       0.70951770222725641     
  0.24700000000006320       0.70891816880763980     
  0.24800000000006353       0.70831650181147676     
  0.24900000000006364       0.70771270475952930     
  0.25000000000006395       0.70710678118467130     
  0.25100000000006423       0.70649873463186419     
  0.25200000000006451       0.70588856865813210     
  0.25300000000006467       0.70527628683253674     
  0.25400000000006495       0.70466189273615265     
  0.25500000000006523       0.70404538996204202     
  0.25600000000006540       0.70342678211522958     
  0.25700000000006568       0.70280607281267726     
  0.25800000000006595       0.70218326568325884     
  0.25900000000006612       0.70155836436773500     
  0.26000000000006640       0.70093137251872728     
  0.26100000000006662       0.70030229380069264     
  0.26200000000006696       0.69967113188989816     
  0.26300000000006707       0.69903789047439491     
  0.26400000000006735       0.69840257325399213     
  0.26500000000006768       0.69776518394023179     
  0.26600000000006779       0.69712572625636238     
  0.26700000000006813       0.69648420393731247     
  0.26800000000006841       0.69584062072966535     
  0.26900000000006868       0.69519498039163197     
  0.27000000000006885       0.69454728669302535     
  0.27100000000006913       0.69389754341523402     
  0.27200000000006941       0.69324575435119529     
  0.27300000000006958       0.69259192330536901     
  0.27400000000006985       0.69193605409371117     
  0.27500000000007008       0.69127815054364639     
  0.27600000000007041       0.69061821649404209     
  0.27700000000007052       0.68995625579518127     
  0.27800000000007080       0.68929227230873513     
  0.27900000000007114       0.68862626990773723     
  0.28000000000007125       0.68795825247655540     
  0.28100000000007153       0.68728822391086442     
  0.28200000000007186       0.68661618811762049     
  0.28300000000007214       0.68594214901503114     
  0.28400000000007231       0.68526611053253050     
  0.28500000000007258       0.68458807661075061     
  0.28600000000007286       0.68390805120149367     
  0.28700000000007303       0.68322603826770523     
  0.28800000000007325       0.68254204178344524     
  0.28900000000007353       0.68185606573386237     
  0.29000000000007381       0.68116811411516365     
  0.29100000000007398       0.68047819093458883     
  0.29200000000007426       0.67978630021038067     
  0.29300000000007459       0.67909244597175766     
  0.29400000000007470       0.67839663225888591     
  0.29500000000007498       0.67769886312285121     
  0.29600000000007531       0.67699914262562944     
  0.29700000000007559       0.67629747484006009     
  0.29800000000007570       0.67559386384981590     
  0.29900000000007604       0.67488831374937619     
  0.30000000000007632       0.67418082864399664     
  0.30100000000007648       0.67347141264968191     
  0.30200000000007671       0.67276006989315595     
  0.30300000000007699       0.67204680451183418     
  0.30400000000007726       0.67133162065379326     
  0.30500000000007743       0.67061452247774356     
  0.30600000000007771       0.66989551415299931     
  0.30700000000007799       0.66917459985944960     
  0.30800000000007816       0.66845178378752956     
  0.30900000000007843       0.66772707013819077     
  0.31000000000007877       0.66700046312287176     
  0.31100000000007905       0.66627196696346991     
  0.31200000000007916       0.66554158589230961     
  0.31300000000007949       0.66480932415211536     
  0.31400000000007977       0.66407518599598025     
  0.31500000000007994       0.66333917568733802     
  0.31600000000008027       0.66260129749993091     
  0.31700000000008044       0.66186155571778227     
  0.31800000000008072       0.66111995463516549     
  0.31900000000008100       0.66037649855657465     
  0.32000000000008133       0.65963119179669327     
  0.32100000000008161       0.65888403868036594     
  0.32200000000008189       0.65813504354256691     
  0.32300000000008205       0.65738421072837083     
  0.32400000000008233       0.65663154459292128     
  0.32500000000008261       0.65587704950140135     
  0.32600000000008295       0.65512072982900316     
  0.32700000000008322       0.65436258996089725     
  0.32800000000008350       0.65360263429220133     
  0.32900000000008373       0.65284086722795143     
  0.33000000000008406       0.65207729318306895     
  0.33100000000008445       0.65131191658233156     
  0.33200000000008462       0.65054474186034172     
  0.33300000000008489       0.64977577346149618     
  0.33400000000008523       0.64900501583995496     
  0.33500000000008551       0.64823247345960955     
  0.33600000000008579       0.64745815079405278     
  0.33700000000008606       0.64668205232654730     
  0.33800000000008634       0.64590418254999493     
  0.33900000000008668       0.64512454596690372     
  0.34000000000008695       0.64434314708935880     
  0.34100000000008718       0.64355999043898959     
  0.34200000000008746       0.64277508054693877     
  0.34300000000008779       0.64198842195383066     
  0.34400000000008807       0.64120001920973935     
  0.34500000000008835       0.64040987687415751     
  0.34600000000008863       0.63961799951596465     
  0.34700000000008896       0.63882439171339511     
  0.34800000000008924       0.63802905805400589     
  0.34900000000008952       0.63723200313464590     
  0.35000000000008979       0.63643323156142262     
  0.35100000000008996       0.63563274794967073     
  0.35200000000009024       0.63483055692392010     
  0.35300000000009063       0.63402666311786371     
  0.35400000000009091       0.63322107117432480     
  0.35500000000009108       0.63241378574522522     
  0.35600000000009135       0.63160481149155301     
  0.35700000000009163       0.63079415308332953     
  0.35800000000009197       0.62998181519957797     
  0.35900000000009225       0.62916780252828963     
  0.36000000000009252       0.62835211976639216     
  0.36100000000009280       0.62753477161971705     
  0.36200000000009314       0.62671576280296604     
  0.36300000000009341       0.62589509803967924     
  0.36400000000009369       0.62507278206220196     
  0.36500000000009397       0.62424881961165224     
  0.36600000000009425       0.62342321543788681     
  0.36700000000009453       0.62259597429946933     
  0.36800000000009481       0.62176710096363697     
  0.36900000000009509       0.62093660020626740     
  0.37000000000009542       0.62010447681184466     
  0.37100000000009570       0.61927073557342782     
  0.37200000000009598       0.61843538129261588     
  0.37300000000009625       0.61759841877951560     
  0.37400000000009642       0.61675985285270718     
  0.37500000000009670       0.61591968833921251     
  0.37600000000009698       0.61507793007445910     
  0.37700000000009742       0.61423458290224930     
  0.37800000000009770       0.61338965167472426     
  0.37900000000009798       0.61254314125233233     
  0.38000000000009826       0.61169505650379397     
  0.38100000000009854       0.61084540230606788     
  0.38200000000009871       0.60999418354431900     
  0.38300000000009898       0.60914140511188264     
  0.38400000000009926       0.60828707191023057     
  0.38500000000009960       0.60743118884893932     
  0.38600000000009987       0.60657376084565306     
  0.38700000000010015       0.60571479282605190     
  0.38800000000010043       0.60485428972381683     
  0.38900000000010077       0.60399225648059529     
  0.39000000000010099       0.60312869804596736     
  0.39100000000010127       0.60226361937741124     
  0.39200000000010154       0.60139702544026918     
  0.39300000000010188       0.60052892120771262     
  0.39400000000010216       0.59965931166070841     
  0.39500000000010244       0.59878820178798364     
  0.39600000000010271       0.59791559658599125     
  0.39700000000010305       0.59704150105887588     
  0.39800000000010333       0.59616592021843873     
  0.39900000000010361       0.59528885908410334     
  0.40000000000010388       0.59441032268288008     
  0.40100000000010405       0.59353031604933193     
  0.40200000000010433       0.59264884422553976     
  0.40300000000010472       0.59176591226106678     
  0.40400000000010500       0.59088152521292470     
  0.40500000000010516       0.58999568814553771     
  0.40600000000010544       0.58910840613070736     
  0.40700000000010572       0.58821968424757853     
  0.40800000000010617       0.58732952758260326     
  0.40900000000010633       0.58643794122950677     
  0.41000000000010661       0.58554493028925059     
  0.41100000000010689       0.58465049986999806     
  0.41200000000010722       0.58375465508708024     
  0.41300000000010750       0.58285740106295847     
  0.41400000000010778       0.58195874292719019     
  0.41500000000010800       0.58105868581639353     
  0.41600000000010834       0.58015723487421056     
  0.41700000000010862       0.57925439525127398     
  0.41800000000010890       0.57835017210516904     
  0.41900000000010917       0.57744457060040022     
  0.42000000000010951       0.57653759590835363     
  0.42100000000010979       0.57562925320726244     
  0.42200000000011006       0.57471954768217060     
  0.42300000000011034       0.57380848452489763     
  0.42400000000011068       0.57289606893400202     
  0.42500000000011096       0.57198230611474599     
  0.42600000000011123       0.57106720127905863     
  0.42700000000011146       0.57015075964550122     
  0.42800000000011174       0.56923298643923015     
  0.42900000000011207       0.56831388689196138     
  0.43000000000011235       0.56739346624193476     
  0.43100000000011263       0.56647172973387638     
  0.43200000000011279       0.56554868261896396     
  0.43300000000011307       0.56462433015478986     
  0.43400000000011335       0.56369867760532510     
  0.43500000000011368       0.56277173024088278     
  0.43600000000011396       0.56184349333808203     
  0.43700000000011424       0.56091397217981143     
  0.43800000000011452       0.55998317205519310     
  0.43900000000011485       0.55905109825954491     
  0.44000000000011519       0.55811775609434600     
  0.44100000000011536       0.55718315086719827     
  0.44200000000011563       0.55624728789179090     
  0.44300000000011597       0.55531017248786363     
  0.44400000000011625       0.55437180998117019     
  0.44500000000011652       0.55343220570344098     
  0.44600000000011680       0.55249136499234708     
  0.44700000000011708       0.55154929319146340     
  0.44800000000011742       0.55060599565023105     
  0.44900000000011769       0.54966147772392171     
  0.45000000000011797       0.54871574477360019     
  0.45100000000011814       0.54776880216608737     
  0.45200000000011853       0.54682065527392332     
  0.45300000000011881       0.54587130947533091     
  0.45400000000011909       0.54492077015417806     
  0.45500000000011936       0.54396904269994084     
  0.45600000000011970       0.54301613250766700     
  0.45700000000011998       0.54206204497793775     
  0.45800000000012026       0.54110678551683233     
  0.45900000000012053       0.54015035953588875     
  0.46000000000012070       0.53919277245206798     
  0.46100000000012098       0.53823402968771672     
  0.46200000000012126       0.53727413667052937     
  0.46300000000012159       0.53631309883351108     
  0.46400000000012182       0.53535092161494091     
  0.46500000000012209       0.53438761045833338     
  0.46600000000012237       0.53342317081240243     
  0.46700000000012271       0.53245760813102294     
  0.46800000000012298       0.53149092787319285     
  0.46900000000012326       0.53052313550299779     
  0.47000000000012354       0.52955423648957178     
  0.47100000000012388       0.52858423630705897     
  0.47200000000012415       0.52761314043457885     
  0.47300000000012443       0.52664095435618585     
  0.47400000000012471       0.52566768356083327     
  0.47500000000012504       0.52469333354233549     
  0.47600000000012527       0.52371790979932886     
  0.47700000000012555       0.52274141783523631     
  0.47800000000012582       0.52176386315822776     
  0.47900000000012616       0.52078525128118303     
  0.48000000000012644       0.51980558772165408     
  0.48100000000012672       0.51882487800182686     
  0.48200000000012699       0.51784312764848406     
  0.48300000000012716       0.51686034219296639     
  0.48400000000012744       0.51587652717113530     
  0.48500000000012772       0.51489168812333497     
  0.48600000000012816       0.51390583059435357     
  0.48700000000012833       0.51291896013338723     
  0.48800000000012861       0.51193108229399931     
  0.48900000000012900       0.51094220263408463     
  0.49000000000012928       0.50995232671583035     
  0.49100000000012944       0.50896146010567800     
  0.49200000000012972       0.50796960837428584     
  0.49300000000013000       0.50697677709648981     
  0.49400000000013033       0.50598297185126628     
  0.49500000000013056       0.50498819822169361     
  0.49600000000013089       0.50399246179491342     
  0.49700000000013123       0.50299576816209335     
  0.49800000000013145       0.50199812291838775     
  0.49900000000013178       0.50099953166290012     
  0.50000000000013212       0.49999999999864519     
  0.50100000000013234       0.49899953353250887     
  0.50200000000013245       0.49799813787521241     
  0.50300000000013290       0.49699581864127168     
  0.50400000000013312       0.49599258144896063     
  0.50500000000013356       0.49498843192027148     
  0.50600000000013368       0.49398337568087786     
  0.50700000000013401       0.49297741836009451     
  0.50800000000013434       0.49197056559084001     
  0.50900000000013457       0.49096282300959881     
  0.51000000000013490       0.48995419625638137     
  0.51100000000013512       0.48894469097468662     
  0.51200000000013546       0.48793431281146260     
  0.51300000000013579       0.48692306741706937     
  0.51400000000013601       0.48591096044523863     
  0.51500000000013624       0.48489799755303664     
  0.51600000000013657       0.48388418440082509     
  0.51700000000013679       0.48286952665222205     
  0.51800000000013702       0.48185402997406396     
  0.51900000000013735       0.48083770003636661     
  0.52000000000013769       0.47982054251228690     
  0.52100000000013791       0.47880256307808405     
  0.52200000000013824       0.47778376741307987     
  0.52300000000013858       0.47676416119962206     
  0.52400000000013880       0.47574375012304371     
  0.52500000000013913       0.47472253987162549     
  0.52600000000013936       0.47370053613655699     
  0.52700000000013969       0.47267774461189671     
  0.52800000000014002       0.47165417099453544     
  0.52900000000014025       0.47062982098415512     
  0.53000000000014047       0.46960470028319179     
  0.53100000000014091       0.46857881459679623     
  0.53200000000014103       0.46755216963279461     
  0.53300000000014136       0.46652477110165091     
  0.53400000000014158       0.46549662471642633     
  0.53500000000014192       0.46446773619274195     
  0.53600000000014225       0.46343811124873929     
  0.53700000000014247       0.46240775560504110     
  0.53800000000014270       0.46137667498471324     
  0.53900000000014303       0.46034487511322519     
  0.54000000000014325       0.45931236171841117     
  0.54100000000014370       0.45827914053043134     
  0.54200000000014392       0.45724521728173334     
  0.54300000000014415       0.45621059770701222     
  0.54400000000014459       0.45517528754317260     
  0.54500000000014470       0.45413929252928931     
  0.54600000000014504       0.45310261840656801     
  0.54700000000014526       0.45206527091830712     
  0.54800000000014559       0.45102725580985809     
  0.54900000000014582       0.44998857882858651     
  0.55000000000014615       0.44894924572383355     
  0.55100000000014648       0.44790926224687672     
  0.55200000000014671       0.44686863415089018     
  0.55300000000014693       0.44582736719090738     
  0.55400000000014726       0.44478546712378020     
  0.55500000000014749       0.44374293970814138     
  0.55600000000014771       0.44269979070436422     
  0.55700000000014827       0.44165602587452468     
  0.55800000000014838       0.44061165098236199     
  0.55900000000014871       0.43956667179323894     
  0.56000000000014893       0.43852109407410383     
  0.56100000000014927       0.43747492359345103     
  0.56200000000014949       0.43642816612128110     
  0.56300000000014983       0.43538082742906381     
  0.56400000000015016       0.43433291328969642     
  0.56500000000015038       0.43328442947746693     
  0.56600000000015060       0.43223538176801340     
  0.56700000000015105       0.43118577593828633     
  0.56800000000015116       0.43013561776650794     
  0.56900000000015138       0.42908491303213459     
  0.57000000000015172       0.42803366751581673     
  0.57100000000015205       0.42698188699936052     
  0.57200000000015250       0.42592957726568803     
  0.57300000000015261       0.42487674409879883     
  0.57400000000015294       0.42382339328373075     
  0.57500000000015317       0.42276953060652045     
  0.57600000000015350       0.42171516185416486     
  0.57700000000015372       0.42066029281458156     
  0.57800000000015406       0.41960492927657028     
  0.57900000000015439       0.41854907702977334     
  0.58000000000015461       0.41749274186463731     
  0.58100000000015484       0.41643592957237269     
  0.58200000000015517       0.41537864594491625     
  0.58300000000015539       0.41432089677489115     
  0.58400000000015573       0.41326268785556791     
  0.58500000000015595       0.41220402498082576     
  0.58600000000015628       0.41114491394511327     
  0.58700000000015662       0.41008536054340927     
  0.58800000000015684       0.40902537057118388     
  0.58900000000015718       0.40796494982435999     
  0.59000000000015751       0.40690410409927330     
  0.59100000000015773       0.40584283919263381     
  0.59200000000015784       0.40478116090148675     
  0.59300000000015829       0.40371907502317406     
  0.59400000000015851       0.40265658735529419     
  0.59500000000015896       0.40159370369566383     
  0.59600000000015907       0.40053042984227977     
  0.59700000000015940       0.39946677159327759     
  0.59800000000015963       0.39840273474689547     
  0.59900000000015996       0.39733832510143302     
  0.60000000000016018       0.39627354845521356     
  0.60100000000016052       0.39520841060654416     
  0.60200000000016085       0.39414291735367829     
  0.60300000000016107       0.39307707449477464     
  0.60400000000016141       0.39201088782786037     
  0.60500000000016174       0.39094436315079073     
  0.60600000000016196       0.38987750626121070     
  0.60700000000016219       0.38881032295651641     
  0.60800000000016241       0.38774281903381519     
  0.60900000000016274       0.38667500028988777     
  0.61000000000016308       0.38560687252114906     
  0.61100000000016330       0.38453844152360867     
  0.61200000000016364       0.38346971309283345     
  0.61300000000016397       0.38240069302390700     
  0.61400000000016419       0.38133138711139197     
  0.61500000000016430       0.38026180114929081     
  0.61600000000016475       0.37919194093100755     
  0.61700000000016497       0.37812181224930752     
  0.61800000000016542       0.37705142089628080     
  0.61900000000016564       0.37598077266330088     
  0.62000000000016586       0.37490987334098830     
  0.62100000000016631       0.37383872871917012     
  0.62200000000016642       0.37276734458684291     
  0.62300000000016664       0.37169572673213186     
  0.62400000000016698       0.37062388094225418     
  0.62500000000016731       0.36955181300347906     
  0.62600000000016753       0.36847952870108941     
  0.62700000000016787       0.36740703381934353     
  0.62800000000016820       0.36633433414143624     
  0.62900000000016842       0.36526143544945994     
  0.63000000000016854       0.36418834352436646     
  0.63100000000016909       0.36311506414592815     
  0.63200000000016920       0.36204160309269956     
  0.63300000000016954       0.36096796614197912     
  0.63400000000016998       0.35989415906976924     
  0.63500000000017010       0.35882018765074009     
  0.63600000000017043       0.35774605765818901     
  0.63700000000017065       0.35667177486400303     
  0.63800000000017076       0.35559734503862045     
  0.63900000000017110       0.35452277395099174     
  0.64000000000017143       0.35344806736854173     
  0.64100000000017154       0.35237323105713142     
  0.64200000000017188       0.35129827078101866     
  0.64300000000017188       0.35022319230282023     
  0.64400000000017210       0.34914800138347402     
  0.64500000000017232       0.34807270378220023     
  0.64600000000017255       0.34699730525646272     
  0.64700000000017266       0.34592181156193125     
  0.64800000000017299       0.34484622845244323     
  0.64900000000017311       0.34377056167996517     
  0.65000000000017344       0.34269481699455495     
  0.65100000000017377       0.34161900014432234     
  0.65200000000017388       0.34054311687539313     
  0.65300000000017400       0.33946717293186823     
  0.65400000000017422       0.33839117405578806     
  0.65500000000017444       0.33731512598709257     
  0.65600000000017467       0.33623903446358444     
  0.65700000000017489       0.33516290522088976     
  0.65800000000017500       0.33408674399242166     
  0.65900000000017533       0.33301055650934086     
  0.66000000000017556       0.33193434850051784     
  0.66100000000017578       0.33085812569249595     
  0.66200000000017600       0.32978189380945233     
  0.66300000000017612       0.32870565857316048     
  0.66400000000017645       0.32762942570295239     
  0.66500000000017656       0.32655320091568052     
  0.66600000000017678       0.32547698992568019     
  0.66700000000017701       0.32440079844473169     
  0.66800000000017723       0.32332463218202229     
  0.66900000000017745       0.32224849684410889     
  0.67000000000017768       0.32117239813487991     
  0.67100000000017790       0.32009634175551799     
  0.67200000000017801       0.31902033340446190     
  0.67300000000017834       0.31794437877736886     
  0.67400000000017846       0.31686848356707809     
  0.67500000000017879       0.31579265346357144     
  0.67600000000017890       0.31471689415393717     
  0.67700000000017913       0.31364121132233158     
  0.67800000000017935       0.31256561064994248     
  0.67900000000017957       0.31149009781495079     
  0.68000000000017979       0.31041467849249360     
  0.68100000000018002       0.30933935835462673     
  0.68200000000018024       0.30826414307028716     
  0.68300000000018035       0.30718903830525607     
  0.68400000000018069       0.30611404972212097     
  0.68500000000018080       0.30503918298023897     
  0.68600000000018113       0.30396444373569947     
  0.68700000000018124       0.30288983764128630     
  0.68800000000018147       0.30181537034644168     
  0.68900000000018169       0.30074104749722813     
  0.69000000000018191       0.29966687473629122     
  0.69100000000018202       0.29859285770282396     
  0.69200000000018225       0.29751900203252762     
  0.69300000000018247       0.29644531335757696     
  0.69400000000018269       0.29537179730658097     
  0.69500000000018292       0.29429845950454797     
  0.69600000000018314       0.29322530557284765     
  0.69700000000018325       0.29215234112917399     
  0.69800000000018358       0.29107957178750909     
  0.69900000000018370       0.29000700315808597     
  0.70000000000018403       0.28893464084735221     
  0.70100000000018414       0.28786249045793244     
  0.70200000000018437       0.28679055758859262     
  0.70300000000018459       0.28571884783420243     
  0.70400000000018481       0.28464736678569968     
  0.70500000000018503       0.28357612003005239     
  0.70600000000018526       0.28250511315022386     
  0.70700000000018548       0.28143435172513470     
  0.70800000000018559       0.28036384132962722     
  0.70900000000018593       0.27929358753442868     
  0.71000000000018604       0.27822359590611512     
  0.71100000000018626       0.27715387200707481     
  0.71200000000018648       0.27608442139547174     
  0.71300000000018671       0.27501524962520985     
  0.71400000000018693       0.27394636224589658     
  0.71500000000018715       0.27287776480280634     
  0.71600000000018738       0.27180946283684493     
  0.71700000000018749       0.27074146188451292     
  0.71800000000018782       0.26967376747786992     
  0.71900000000018793       0.26860638514449814     
  0.72000000000018816       0.26753932040746731     
  0.72100000000018838       0.26647257878529712     
  0.72200000000018860       0.26540616579192322     
  0.72300000000018894       0.26434008693665978     
  0.72400000000018905       0.26327434772416447     
  0.72500000000018938       0.26220895365440261     
  0.72600000000018949       0.26114391022261124     
  0.72700000000018972       0.26007922291926316     
  0.72800000000018994       0.25901489723003202     
  0.72900000000019005       0.25795093863575613     
  0.73000000000019039       0.25688735261240314     
  0.73100000000019050       0.25582414463103442     
  0.73200000000019083       0.25476132015776914     
  0.73300000000019094       0.25369888465375018     
  0.73400000000019128       0.25263684357510680     
  0.73500000000019139       0.25157520237292125     
  0.73600000000019172       0.25051396649319185     
  0.73700000000019183       0.24945314137679897     
  0.73800000000019206       0.24839273245946883     
  0.73900000000019206       0.24733274517173900     
  0.74000000000019239       0.24627318493892295     
  0.74100000000019273       0.24521405718107536     
  0.74200000000019284       0.24415536731295689     
  0.74300000000019317       0.24309712074399850     
  0.74400000000019328       0.24203932287826779     
  0.74500000000019362       0.24098197911443323     
  0.74600000000019373       0.23992509484572996     
  0.74700000000019395       0.23886867545992393     
  0.74800000000019418       0.23781272633927847     
  0.74900000000019429       0.23675725286051874     
  0.75000000000019462       0.23570226039479741     
  0.75100000000019473       0.23464775430766008     
  0.75200000000019507       0.23359373995901025     
  0.75300000000019518       0.23254022270307584     
  0.75400000000019540       0.23148720788837385     
  0.75500000000019563       0.23043470085767601     
  0.75600000000019585       0.22938270694797511     
  0.75700000000019607       0.22833123149045007     
  0.75800000000019618       0.22728027981043175     
  0.75900000000019641       0.22622985722736946     
  0.76000000000019663       0.22517996905479568     
  0.76100000000019685       0.22413062060029268     
  0.76200000000019708       0.22308181716545886     
  0.76300000000019730       0.22203356404587357     
  0.76400000000019752       0.22098586653106442     
  0.76500000000019774       0.21993872990447275     
  0.76600000000019797       0.21889215944341972     
  0.76700000000019808       0.21784616041907293     
  0.76800000000019830       0.21680073809641234     
  0.76900000000019852       0.21575589773419718     
  0.77000000000019875       0.21471164458493136     
  0.77100000000019897       0.21366798389483085     
  0.77200000000019919       0.21262492090378970     
  0.77300000000019942       0.21158246084534682     
  0.77400000000019964       0.21054060894665191     
  0.77500000000019986       0.20949937042843364     
  0.77600000000020009       0.20845875050496437     
  0.77700000000020020       0.20741875438402887     
  0.77800000000020042       0.20637938726688926     
  0.77900000000020064       0.20534065434825358     
  0.78000000000020087       0.20430256081624176     
  0.78100000000020109       0.20326511185235283     
  0.78200000000020131       0.20222831263143190     
  0.78300000000020153       0.20119216832163742     
  0.78400000000020187       0.20015668408440845     
  0.78500000000020198       0.19912186507443133     
  0.78600000000020220       0.19808771643960774     
  0.78700000000020220       0.19705424332102134     
  0.78800000000020254       0.19602145085290565     
  0.78900000000020265       0.19498934416261104     
  0.79000000000020298       0.19395792837057291     
  0.79100000000020332       0.19292720859027859     
  0.79200000000020343       0.19189718992823537     
  0.79300000000020376       0.19086787748393777     
  0.79400000000020388       0.18983927634983586     
  0.79500000000020421       0.18881139161130298     
  0.79600000000020421       0.18778422834660277     
  0.79700000000020443       0.18675779162685829     
  0.79800000000020455       0.18573208651601925     
  0.79900000000020488       0.18470711807083040     
  0.80000000000020521       0.18368289134079924     
  0.80100000000020533       0.18265941136816477     
  0.80200000000020566       0.18163668318786499     
  0.80300000000020577       0.18061471182750605     
  0.80400000000020611       0.17959350230732984     
  0.80500000000020622       0.17857305964018280     
  0.80600000000020633       0.17755338883148453     
  0.80700000000020655       0.17653449487919592     
  0.80800000000020678       0.17551638277378784     
  0.80900000000020689       0.17449905749821010     
  0.81000000000020722       0.17348252402786005     
  0.81100000000020755       0.17246678733055129     
  0.81200000000020767       0.17145185236648228     
  0.81300000000020800       0.17043772408820587     
  0.81400000000020811       0.16942440744059803     
  0.81500000000020834       0.16841190736082637     
  0.81600000000020845       0.16740022877832000     
  0.81700000000020867       0.16638937661473840     
  0.81800000000020889       0.16537935578394064     
  0.81900000000020912       0.16437017119195466     
  0.82000000000020934       0.16336182773694671     
  0.82100000000020956       0.16235433030919078     
  0.82200000000020979       0.16134768379103809     
  0.82300000000021001       0.16034189305688668     
  0.82400000000021023       0.15933696297315095     
  0.82500000000021034       0.15833289839823153     
  0.82600000000021068       0.15732970418248488     
  0.82700000000021079       0.15632738516819319     
  0.82800000000021101       0.15532594618953435     
  0.82900000000021123       0.15432539207255175     
  0.83000000000021146       0.15332572763512450     
  0.83100000000021168       0.15232695768693741     
  0.83200000000021190       0.15132908702945122     
  0.83300000000021213       0.15033212045587280     
  0.83400000000021235       0.14933606275112546     
  0.83500000000021257       0.14834091869181934     
  0.83600000000021268       0.14734669304622192     
  0.83700000000021291       0.14635339057422836     
  0.83800000000021313       0.14536101602733226     
  0.83900000000021335       0.14436957414859619     
  0.84000000000021358       0.14337906967262248     
  0.84100000000021380       0.14238950732552402     
  0.84200000000021402       0.14140089182489501     
  0.84300000000021424       0.14041322787978200     
  0.84400000000021447       0.13942652019065485     
  0.84500000000021458       0.13844077344937783     
  0.84600000000021480       0.13745599233918074     
  0.84700000000021503       0.13647218153463000     
  0.84800000000021514       0.13548934570160026     
  0.84900000000021547       0.13450748949724539     
  0.85000000000021581       0.13352661756997006     
  0.85100000000021592       0.13254673455940130     
  0.85200000000021625       0.13156784509635996     
  0.85300000000021636       0.13058995380283242     
  0.85400000000021647       0.12961306529194236     
  0.85500000000021670       0.12863718416792233     
  0.85600000000021692       0.12766231502608577     
  0.85700000000021703       0.12668846245279902     
  0.85800000000021737       0.12571563102545308     
  0.85900000000021748       0.12474382531243594     
  0.86000000000021781       0.12377304987310461     
  0.86100000000021815       0.12280330925775729     
  0.86200000000021826       0.12183460800760576     
  0.86300000000021837       0.12086695065474777     
  0.86400000000021859       0.11990034172213940     
  0.86500000000021882       0.11893478572356764     
  0.86600000000021904       0.11797028716362296     
  0.86700000000021926       0.11700685053767203     
  0.86800000000021937       0.11604448033183032     
  0.86900000000021971       0.11508318102293516     
  0.87000000000022004       0.11412295707851842     
  0.87100000000022015       0.11316381295677963     
  0.87200000000022049       0.11220575310655886     
  0.87300000000022049       0.11124878196731006     
  0.87400000000022071       0.11029290396907401     
  0.87500000000022093       0.10933812353245190     
  0.87600000000022127       0.10838444506857840     
  0.87700000000022138       0.10743187297909522     
  0.87800000000022160       0.10648041165612457     
  0.87900000000022183       0.10553006548224282     
  0.88000000000022205       0.10458083883045412     
  0.88100000000022227       0.10363273606416405     
  0.88200000000022249       0.10268576153715354     
  0.88300000000022272       0.10173991959355280     
  0.88400000000022283       0.10079521456781511     
  0.88500000000022316        9.9851650784691076E-002
  0.88600000000022328        9.8909232559202601E-002
  0.88700000000022350        9.7967964196617199E-002
  0.88800000000022372        9.7027849992422199E-002
  0.88900000000022394        9.6088894232299091E-002
  0.89000000000022417        9.5151101192098145E-002
  0.89100000000022439        9.4214475137812698E-002
  0.89200000000022461        9.3279020325553880E-002
  0.89300000000022473        9.2344741001525274E-002
  0.89400000000022506        9.1411641401997659E-002
  0.89500000000022517        9.0479725753283904E-002
  0.89600000000022550        8.9548998271713795E-002
  0.89700000000022562        8.8619463163609108E-002
  0.89800000000022584        8.7691124625258687E-002
  0.89900000000022606        8.6763986842893492E-002
  0.90000000000022629        8.5838053992662033E-002
  0.90100000000022651        8.4913330240605545E-002
  0.90200000000022662        8.3989819742633448E-002
  0.90300000000022695        8.3067526644498776E-002
  0.90400000000022707        8.2146455081773803E-002
  0.90500000000022740        8.1226609179825660E-002
  0.90600000000022751        8.0307993053792132E-002
  0.90700000000022762        7.9390610808557277E-002
  0.90800000000022796        7.8474466538727583E-002
  0.90900000000022807        7.7559564328607722E-002
  0.91000000000022840        7.6645908252176737E-002
  0.91100000000022852        7.5733502373064115E-002
  0.91200000000022874        7.4822350744526048E-002
  0.91300000000022896        7.3912457409421678E-002
  0.91400000000022918        7.3003826400189556E-002
  0.91500000000022941        7.2096461738824100E-002
  0.91600000000022963        7.1190367436852101E-002
  0.91700000000022985        7.0285547495309394E-002
  0.91800000000022997        6.9382005904717603E-002
  0.91900000000023030        6.8479746645060874E-002
  0.92000000000023063        6.7578773685762872E-002
  0.92100000000023063        6.6679090985663617E-002
  0.92200000000023086        6.5780702492996682E-002
  0.92300000000023108        6.4883612145366185E-002
  0.92400000000023130        6.3987823869724209E-002
  0.92500000000023153        6.3093341582347917E-002
  0.92600000000023175        6.2200169188817052E-002
  0.92700000000023197        6.1308310583991402E-002
  0.92800000000023219        6.0417769651988348E-002
  0.92900000000023231        5.9528550266160545E-002
  0.93000000000023253        5.8640656289073625E-002
  0.93100000000023275        5.7754091572484040E-002
  0.93200000000023298        5.6868859957316970E-002
  0.93300000000023320        5.5984965273644348E-002
  0.93400000000023342        5.5102411340662780E-002
  0.93500000000023364        5.4221201966671975E-002
  0.93600000000023387        5.3341340949052775E-002
  0.93700000000023409        5.2462832074245604E-002
  0.93800000000023431        5.1585679117728843E-002
  0.93900000000023454        5.0709885843997375E-002
  0.94000000000023476        4.9835456006541171E-002
  0.94100000000023487        4.8962393347823957E-002
  0.94200000000023520        4.8090701599262022E-002
  0.94300000000023532        4.7220384481203068E-002
  0.94400000000023565        4.6351445702905121E-002
  0.94500000000023576        4.5483888962515651E-002
  0.94600000000023610        4.4617717947050578E-002
  0.94700000000023621        4.3752936332373586E-002
  0.94800000000023643        4.2889547783175330E-002
  0.94900000000023643        4.2027555952952982E-002
  0.95000000000023677        4.1166964483989467E-002
  0.95100000000023710        4.0307777007333234E-002
  0.95200000000023721        3.9449997142777825E-002
  0.95300000000023755        3.8593628498841577E-002
  0.95400000000023766        3.7738674672747601E-002
  0.95500000000023799        3.6885139250403452E-002
  0.95600000000023810        3.6033025806381402E-002
  0.95700000000023833        3.5182337903898360E-002
  0.95800000000023855        3.4333079094796104E-002
  0.95900000000023866        3.3485252919521626E-002
  0.96000000000023877        3.2638862907107338E-002
  0.96100000000023911        3.1793912575151739E-002
  0.96200000000023944        3.0950405429799759E-002
  0.96300000000023955        3.0108344965723507E-002
  0.96400000000023989        2.9267734666102992E-002
  0.96500000000024000        2.8428578002606904E-002
  0.96600000000024033        2.7590878435373480E-002
  0.96700000000024044        2.6754639412991638E-002
  0.96800000000024067        2.5919864372481890E-002
  0.96900000000024078        2.5086556739277645E-002
  0.97000000000024100        2.4254719927206451E-002
  0.97100000000024123        2.3424357338471303E-002
  0.97200000000024145        2.2595472363632109E-002
  0.97300000000024167        2.1768068381587301E-002
  0.97400000000024189        2.0942148759555374E-002
  0.97500000000024212        2.0117716853056678E-002
  0.97600000000024234        1.9294776005895142E-002
  0.97700000000024245        1.8473329550140329E-002
  0.97800000000024268        1.7653380806109273E-002
  0.97900000000024290        1.6834933082348666E-002
  0.98000000000024312        1.6017989675617027E-002
  0.98100000000024334        1.5202553870866954E-002
  0.98200000000024357        1.4388628941227496E-002
  0.98300000000024379        1.3576218147986620E-002
  0.98400000000024401        1.2765324740573764E-002
  0.98500000000024424        1.1955951956542456E-002
  0.98600000000024446        1.1148103021553083E-002
  0.98700000000024468        1.0341781149355697E-002
  0.98800000000024490        9.5369895417729434E-003
  0.98900000000024513        8.7337313886830734E-003
  0.99000000000024535        7.9320098680030534E-003
  0.99100000000024557        7.1318281456717661E-003
  0.99200000000024580        6.3331893756332991E-003
  0.99300000000024602        5.5360966998203379E-003
  0.99400000000024624        4.7405532481376430E-003
  0.99500000000024647        3.9465621384456237E-003
  0.99600000000024669        3.1541264765440075E-003
  0.99700000000024669        2.3632493561556007E-003
  0.99800000000024691        1.5739338589101418E-003
  0.99900000000024713        7.8618305432825346E-004
   1.0000000000000000        3.9652473992649962E-019
