#  1.570796326794897E+00
   0.0000000000000000        1.0134602531798385        1.3064940905738782E-009
   9.1678396530893772E-005   1.0134602595265125        9.8448413825708147E-005
   3.6633720113458983E-004   1.0134603353246414        3.1347797799928138E-004
   8.2285083325513164E-004   1.0134606409999831        7.0232680813464901E-004
   1.4593551149023557E-003   1.0134614624810843        1.2382853394621880E-003
   2.2732645162903552E-003   1.0134631684899145        1.9238271242434163E-003
   3.2612954200811530E-003   1.0134662290611267        2.7407109589363777E-003
   4.4194945237682305E-003   1.0134711624574833        3.6797924261813240E-003
   5.7432712569031874E-003   1.0134785354525242        4.7101207055398409E-003
   7.2274328690360920E-003   1.0134888896787564        5.8050720613752301E-003
   8.8662206639857025E-003   1.0135027214802406        6.9154630935616430E-003
   1.0653345738848253E-002   1.0135203943436351        7.9997126755598554E-003
   1.2582022555929081E-002   1.0135421251961401        9.0036254239804266E-003
   1.4644998754784647E-002   1.0135679295794422        9.8973735601786631E-003
   1.6834579816807842E-002   1.0135976732409000        1.0656226094473722E-002
   1.9142647534593257E-002   1.0136310851335022        1.1290707023398360E-002
   2.1560671709362551E-002   1.0136678795170597        1.1828743758693853E-002
   2.4079715085103249E-002   1.0137078544425047        1.2351759325383713E-002
   2.6690432196650016E-002   1.0137511066939400        1.2968743011220401E-002
   2.9383063516307296E-002   1.0137981488295758        1.3824820963890446E-002
   3.2147426974645080E-002   1.0138500406459117        1.5056744656704112E-002
   3.4972909544004296E-002   1.0139083395597550        1.6792421191237264E-002
   3.7848462044844898E-002   1.0139750376890209        1.9109910579483916E-002
   4.0762600606808627E-002   1.0140522668181262        2.2015118344692448E-002
   4.3703418240533316E-002   1.0141419916529926        2.5438390959857574E-002
   4.6658609721714615E-002   1.0142456404547304        2.9222837118718325E-002
   4.9615512445779636E-002   1.0143637425926413        3.3153509908769176E-002
   5.2561165094205879E-002   1.0144958810915958        3.7029074969662699E-002
   5.5482384901597966E-002   1.0146405722565957        4.0593107187524478E-002
   5.8365863089588139E-002   1.0147954835391850        4.3728905857193370E-002
   6.1198276723041858E-002   1.0149578434956934        4.6345723107448576E-002
   6.3966413943782816E-002   1.0151247856146883        4.8501565748655051E-002
   6.6657308351620204E-002   1.0152937274964597        5.0271889092710777E-002
   6.9258377334353721E-002   1.0154626663061741        5.1905680702636681E-002
   7.1757558489056072E-002   1.0156303237659448        5.3536589130136460E-002
   7.4143437998018022E-002   1.0157958948932133        5.5409067000133642E-002
   7.6405364969055367E-002   1.0159590866742267        5.7601448275686501E-002
   7.8533546333932808E-002   1.0161195613102598        6.0238905129282670E-002
   8.0519117898033010E-002   1.0162770778875767        6.3317516923447545E-002
   8.2354188491974845E-002   1.0164308699097275        6.6792896630161774E-002
   8.4031855803147773E-002   1.0165799404375264        7.0587810236123039E-002
   8.5546194248313889E-002   1.0167225224938448        7.4438622652991976E-002
   8.6892217057044835E-002   1.0168565685847841        7.8344736625589398E-002
   8.8065816432884553E-002   1.0169797286111566        8.2036032226042749E-002
   8.9063687112505757E-002   1.0170894553133027        8.5422029005828945E-002
   8.9883239736222351E-002   1.0171832683560882        8.8351199843911543E-002
   9.0522511085176630E-002   1.0172588877169177        9.0736614481927561E-002
   9.0980078374172366E-002   1.0173143763091614        9.2491154604088868E-002
   9.1254984396315492E-002   1.0173482820060211        9.3566762957780492E-002
   9.1346679419320148E-002   1.0173596826827522        9.3861715483804495E-002
   9.1346679419320148E-002   1.0173596826827529        9.3858913611153783E-002
   9.1551878823933425E-002   1.0173833481148873        7.9995296178418787E-002
   9.2166681317012458E-002   1.0174318813501748        3.9225424130977064E-002
   9.3188701254639336E-002   1.0174407614082179       -2.5514457151643355E-002
   9.4613967683187722E-002   1.0173115979422043      -0.11008316782689148     
   9.6436932220302793E-002   1.0169239534666770      -0.20901433948451173     
   9.8650480482180183E-002   1.0161497157830570      -0.31667975330531234     
  0.10124594742961394        1.0148660698539933      -0.42724676366263653     
  0.10421313708198318        1.0129688470458351      -0.53560297897385789     
  0.10754034710431205        1.0103781843004382      -0.63777391104830694     
  0.11121439880480578        1.0070469058810068      -0.72993027812511901     
  0.11522067308678229        1.0029589048171681      -0.81062657418588613     
  0.11954315287859005       0.99812708891138180      -0.87862183907195324     
  0.12416447251786560       0.99258741800449291      -0.93433557878689255     
  0.12906597449328913       0.98639729540977450      -0.97724916392202577     
  0.13422777384979095       0.97963040467924223       -1.0085019528449197     
  0.13962883044481600       0.97237660208781362       -1.0271325046586532     
  0.14524702910745721       0.96473741332254126       -1.0354318556851068     
  0.15105926760339577       0.95681851234264448       -1.0315041338441442     
  0.15704155215154553       0.94875832331795873       -1.0140135036458382     
  0.16316910007834282       0.94068798865392522      -0.98666334355432483     
  0.16941644903815992       0.93272169728165633      -0.95142068164813165     
  0.17575757207873299       0.92495234816883831      -0.91173838929073137     
  0.18216599769390732       0.91744717232185824      -0.86972934382242406     
  0.18861493388713879       0.91025596093559547      -0.82681333834739257     
  0.19507739517215961       0.90341631611998319      -0.78345531122282308     
  0.20152633136539114       0.89695987361519136      -0.73973225780434626     
  0.20793475698056546       0.89091048151673069      -0.69645597072719312     
  0.21427588002113854       0.88527907262683558      -0.65448428970931449     
  0.22052322898095567       0.88006699797160814      -0.61442136762440513     
  0.22665077690775290       0.87526692666233774      -0.57658002528247776     
  0.23263306145590271       0.87086864812274434      -0.54085044915626568     
  0.23844529995184122       0.86685720850718018      -0.50768718171242122     
  0.24406349861448248       0.86321356991872211      -0.47711946603965466     
  0.24946455520950747       0.85991747434509691      -0.44905523907003397     
  0.25462635456600929       0.85694810554269540      -0.42352614830715202     
  0.25952785654143284       0.85428385352607283      -0.40044719669955192     
  0.26414917618070838       0.85190381134712634      -0.37984159140057749     
  0.26847165597251610       0.84978706086893263      -0.36158020946154357     
  0.27247793025449263       0.84791514211891383      -0.34544583723208561     
  0.27615198195498641       0.84627090079132516      -0.33126805849832963     
  0.27947919197731524       0.84483957764503714      -0.31892849834349507     
  0.28244638162968455       0.84360724264583875      -0.30838984279958959     
  0.28504184857711828       0.84256231458016007      -0.29948051157725125     
  0.28725539683899570       0.84169451637857440      -0.29209234247857557     
  0.28907836137611076       0.84099585394684884      -0.28611958849397934     
  0.29050362780465916       0.84045927087139316      -0.28156046466132162     
  0.29152564774228606       0.84007981836816148      -0.27831416584353347     
  0.29214045023536511       0.83985351800697672      -0.27639519181776517     
  0.29234564963997833       0.83977842079162401      -0.27512747644991814     
  0.29234564963997833       0.83977842079175358      -0.27575503032492921     
  0.29256287582330021       0.83969903613048547      -0.27525450048705530     
  0.29321444719847956       0.83946206507079524      -0.27376809173580680     
  0.29430001371268683       0.83907103663964555      -0.27129787829168056     
  0.29581889803528699       0.83853173913041801      -0.26787592106881253     
  0.29776995879946105       0.83785212082436378      -0.26352065596020924     
  0.30015140719371247       0.83704205530761888      -0.25829548941690589     
  0.30296058459431691       0.83611318028544257      -0.25223446410410216     
  0.30619371062486633       0.83507850723046684      -0.24543123542101333     
  0.30984561237309793       0.83395231701095018      -0.23790285904581962     
  0.31390944643758989       0.83274959190833553      -0.22981651924211918     
  0.31837642598185922       0.83148569508578174      -0.22118693311409424     
  0.32323556502131018       0.83017655765470844      -0.21203015693638272     
  0.32847345175662729       0.82883872460526764      -0.20231086588823163     
  0.33407406190986139       0.82748839742174474      -0.19226968535928829     
  0.34001862174735126       0.82614002679016107      -0.18211127694400481     
  0.34628552883285107       0.82480621123480069      -0.17205018861550112     
  0.35285033660451165       0.82349735471911545      -0.16225195260521630     
  0.35968580668187294       0.82222167328202023      -0.15285912630887169     
  0.36676203046374828       0.82098593667111674      -0.14382071452662162     
  0.37404661916070076       0.81979676201665019      -0.13497107301310540     
  0.38150495900529874       0.81866188642086024      -0.12605955995214640     
  0.38910052608752932       0.81758819907588098      -0.11740954677851417     
  0.39679525315586361       0.81657686259049989      -0.10962572370978453     
  0.40454993888383806       0.81562493556706051      -0.10269969037760482     
  0.41232468859522209       0.81473040966791432       -9.6414602029137236E-002
  0.42007937432319670       0.81389193590052922       -9.0496316503933208E-002
  0.42777410139153099       0.81311169233432889       -8.4545430930987528E-002
  0.43536966847376168       0.81239055297483609       -7.8932334250883335E-002
  0.44282800831835956       0.81172777833326237       -7.3563056223490048E-002
  0.45011259701531203       0.81112042120039385       -6.8905780175515435E-002
  0.45718882079718748       0.81056412387876631       -6.4643958293667078E-002
  0.46402429087454872       0.81005624823723310       -6.0796364842613061E-002
  0.47058909864620924       0.80959480923198568       -5.6999403036765421E-002
  0.47685600573170911       0.80917865356621410       -5.3514186067552497E-002
  0.48280056556919898       0.80880498786836985       -5.0211488903263990E-002
  0.48840117572243302       0.80847118101898197       -4.7394282780679045E-002
  0.49363906245775024       0.80817333068143471       -4.4832463280520422E-002
  0.49849820149720114       0.80790907270984735       -4.2690550907366565E-002
  0.50296518104147048       0.80767514529417961       -4.0730015549198910E-002
  0.50702901510596232       0.80747021341551317       -3.9023923886058756E-002
  0.51068091685419403       0.80729187726769824       -3.7444226280577177E-002
  0.51391404288474341       0.80713916855325329       -3.6078947437622494E-002
  0.51672322028534790       0.80700994064294929       -3.4867038954163328E-002
  0.51910466867959926       0.80690338482363144       -3.3864706029301972E-002
  0.52105572944377332       0.80681767970792184       -3.3045268661848544E-002
  0.52257461376637360       0.80675233085136910       -3.2419470456013538E-002
  0.52366018028058081       0.80670600524350600       -3.1982604566577637E-002
  0.52431175165576016       0.80667863260117079       -3.1716984886798104E-002
  0.52452897783908203       0.80666938543768663       -3.2662292645117143E-002
  0.52452897783908203       0.80666938543772826       -3.1633677696904609E-002
  0.52467593405967194       0.80666322165988169       -3.1663310058433744E-002
  0.52511830286432604       0.80664472091052453       -3.1752081878646761E-002
  0.52586050091757641       0.80661386006783453       -3.1890529403900712E-002
  0.52690961331944774       0.80657061773532024       -3.2068742140064187E-002
  0.52827499069718065       0.80651499547850170       -3.2270616613055907E-002
  0.52996770691662309       0.80644704559712888       -3.2482059875064952E-002
  0.53199989822505855       0.80636688914037824       -3.2688657983352520E-002
  0.53438400923630114       0.80627473834627095       -3.2879346861414721E-002
  0.53713197482650588       0.80617088806390702       -3.3051405824927930E-002
  0.54025436958947748       0.80605572303857487       -3.3197185456307225E-002
  0.54375955790728503       0.80592972193993095       -3.3310326864634303E-002
  0.54765287787292360       0.80579351515430497       -3.3359004723330588E-002
  0.55193589124910458       0.80564799417964983       -3.3291296503736370E-002
  0.55660572939902564       0.80549451583952714       -3.3013717673634410E-002
  0.56165456176331874       0.80533493092329778       -3.2488950829530031E-002
  0.56706920910553427       0.80517140016753697       -3.1701015516597188E-002
  0.57283091856633817       0.80500600086801566       -3.0777710279230264E-002
  0.57891531174453226       0.80484003964730977       -2.9868588480357016E-002
  0.58529251077518352       0.80467404570327450       -2.9112637869064231E-002
  0.59192744093147143       0.80450796004729974       -2.8498734604104303E-002
  0.59878030187446396       0.80434233106617459       -2.7833181023660235E-002
  0.60580719354961110       0.80417903113061240       -2.6862603002655815E-002
  0.61296087710582592       0.80402086784674109       -2.5601413769668589E-002
  0.62019164629965406       0.80386961332240214       -2.4306825813766798E-002
  0.62744828082416981       0.80372506599614413       -2.3351388879983337E-002
  0.63467905001799807       0.80358545128336356       -2.2713206882890448E-002
  0.64183273357421267       0.80345036985986451       -2.2113298368541080E-002
  0.64885962524935981       0.80332076211149073       -2.1267236908214002E-002
  0.65571248619235256       0.80319896966773541       -2.0198497040278384E-002
  0.66234741634864047       0.80308505521212148       -1.9303861027369515E-002
  0.66872461537929173       0.80297881985612285       -1.8481930513117112E-002
  0.67480900855748593       0.80287864423656996       -1.8157232623714818E-002
  0.68057071801828983       0.80278350269020970       -1.7761419397662275E-002
  0.68598536536050525       0.80269380645816435       -1.7481077341971782E-002
  0.69103419772479835       0.80260974629778026       -1.6981364490465230E-002
  0.69570403587471941       0.80253249451244857       -1.6420412836901932E-002
  0.69998704925090038       0.80246221804079143       -1.5739688256263328E-002
  0.70388036921653885       0.80239922271119257       -1.5131152095653506E-002
  0.70738555753434662       0.80234301654058904       -1.4508404131442875E-002
  0.71050795229731811       0.80229349474933143       -1.4028566892386688E-002
  0.71325591788752285       0.80224995319037140       -1.3578723406582640E-002
  0.71564002889876543       0.80221233095971989       -1.3245386287423703E-002
  0.71767222020720101       0.80218007160810834       -1.2933572062706551E-002
  0.71936493642664356       0.80215323977319886       -1.2698734468011180E-002
  0.72073031380437624       0.80213141049336434       -1.2481658414827828E-002
  0.72177942620624758       0.80211469951421221       -1.2323254080481377E-002
  0.72252162425949795       0.80210275297574118       -1.2195502876326175E-002
  0.72296399306415216       0.80209571356174403       -1.2125705689633190E-002
  0.72311094928474196       0.80209329948007879       -1.2794174298347848E-002
  0.72311094928474196       0.80209329948007391       -1.2098826477749328E-002
  0.72318758781192904       0.80209206903703634       -1.2179858324772084E-002
  0.72342015840187435       0.80208833392395473       -1.2420602136743277E-002
  0.72381650563361244       0.80208196437553347       -1.2818842532139533E-002
  0.72438930685328962       0.80207275039522807       -1.3367663092734221E-002
  0.72515549245001987       0.80206040994390793       -1.4059933766885397E-002
  0.72613546505323912       0.80204460287500856       -1.4883379216059410E-002
  0.72735214709147655       0.80202494557449999       -1.5824105552607440E-002
  0.72882989266185771       0.80200103619552066       -1.6860857106263460E-002
  0.73059330483977725       0.80197247929642190       -1.7967058725527792E-002
  0.73266600321731035       0.80193892788512433       -1.9107445313548032E-002
  0.73506938846135528       0.80190011698175234       -2.0238553651574093E-002
  0.73782145095372365       0.80185591704800296       -2.1317672864351805E-002
  0.74093566910471687       0.80180633070539109       -2.2306858781584123E-002
  0.74442003977278437       0.80175155435683387       -2.3159642315533014E-002
  0.74827627849151046       0.80169188179105122       -2.3914327443773951E-002
  0.75249922107539535       0.80162751721582004       -2.4658531310932437E-002
  0.75707645087313424       0.80155845073425402       -2.5489325359817672E-002
  0.76198816773029665       0.80148443558826676       -2.6488160236046332E-002
  0.76720730591452280       0.80140528953855983       -2.7470065741559180E-002
  0.77269989917020565       0.80132178197162240       -2.8107390864127821E-002
  0.77842568204066309       0.80123548079687057       -2.8198278894770456E-002
  0.78433890795682326       0.80114871038315683       -2.7637798108309044E-002
  0.79038935666064181       0.80106317525501292       -2.6905415669025382E-002
  0.79652349660117461       0.80097928141596830       -2.6338288928099089E-002
  0.80268576226676336       0.80089596629563475       -2.6466636579440640E-002
  0.80881990220729572       0.80081194692845958       -2.6711998506205481E-002
  0.81487035091111404       0.80072842601126881       -2.6461081458948342E-002
  0.82078357682727465       0.80064742387241239       -2.5624573482740911E-002
  0.82650935969773232       0.80057087089202184       -2.4401041060897799E-002
  0.83200195295341484       0.80049958320520198       -2.3093984800119430E-002
  0.83722109113764109       0.80043353769793435       -2.2060168527871672E-002
  0.84213280799480350       0.80037164039317843       -2.1379079359793430E-002
  0.84671003779254261       0.80031388162480466       -2.0515405380856552E-002
  0.85093298037642684       0.80026079969939501       -1.9473236864137169E-002
  0.85478921909515337       0.80021323017824886       -1.8005762714947221E-002
  0.85827358976322077       0.80017174707126359       -1.6411740617158662E-002
  0.86138780791421421       0.80013649138314680       -1.4579922655343034E-002
  0.86413987040658258       0.80010735804736810       -1.2844877976403395E-002
  0.86654325565062751       0.80008360765346664       -1.1243810855290706E-002
  0.86861595402816061       0.80006449294574222       -9.9283982040328286E-003
  0.87037936620607992       0.80004911802140322       -8.8266819563870662E-003
  0.87185711177646119       0.80003687867095197       -7.9364367092553539E-003
  0.87307379381469874       0.80002719717521986       -7.1755747892907531E-003
  0.87405376641791788       0.80001969992270439       -6.5828260575543822E-003
  0.87481995201464824       0.80001398458625950       -6.0954794972256435E-003
  0.87539275323432530       0.80000983130423153       -5.7463590764058213E-003
  0.87578910046606329       0.80000698449582508       -5.4871565639396337E-003
  0.87602167105600881       0.80000535140634110       -5.3478449252013496E-003
  0.87609830958319579       0.80000480043336253       -5.5737096588908495E-003
  0.87609830958319579       0.80000480043342492       -5.2928838267876990E-003
  0.87612355132820141       0.80000462332082112       -5.3527339090146319E-003
  0.87620109649438727       0.80000408000337597       -5.5455296256937438E-003
  0.87633632644913662       0.80000313595420813       -5.8466458448752021E-003
  0.87653795165661241       0.80000173669835273       -6.2644259207119109E-003
  0.87681763413324476       0.79999981131385456       -6.7643950176772957E-003
  0.87718947885391541       0.79999728075246812       -7.3449508243728966E-003
  0.87766941318912517       0.79999406133606010       -7.9633540336128648E-003
  0.87827447767289835       0.79999007967851432       -8.6085434923005785E-003
  0.87902205475961337       0.79998527331106539       -9.2318781742859665E-003
  0.87992906460114484       0.79997961034302045       -9.8193574117440147E-003
  0.88101115817573361       0.79997308206662998       -1.0324856121744727E-002
  0.88228193827863954       0.79996572121459841       -1.0745951641061867E-002
  0.88375223793488100       0.79995759678796530       -1.0997314077983853E-002
  0.88542948375101382       0.79994887692023675       -1.1023777778494183E-002
  0.88731716866092936       0.79993979854662145       -1.0732439887769009E-002
  0.88941445455276380       0.79993073078595500       -1.0045368662584941E-002
  0.89171592053622828       0.79992214521213623       -8.8446385146983553E-003
  0.89421146729612278       0.79991463454202871       -7.1548497694096250E-003
  0.89688638227424022       0.79990874351028085       -5.0189766427861590E-003
  0.89972156453838992       0.79990499233253054       -2.5763120027381013E-003
  0.90269390235071068       0.79990367315998956       -1.0533544531562175E-004
  0.90577679085325680       0.79990441199382556        1.2542827147160552E-003
  0.90894077215314062       0.79990578423544889        1.3029304557255147E-003
  0.91215427560166751       0.79990678674411975        3.2940823849770845E-004
  0.91538443238723022       0.79990580640134668       -2.3620057515342401E-003
  0.91859793583575666       0.79990201062748123       -4.8583775772636671E-003
  0.92176191713564049       0.79989585733954660       -7.0550747343269757E-003
  0.92484480563818694       0.79988786618261487       -8.4160142505287430E-003
  0.92781714345050736       0.79987922878672413       -8.6170524920001611E-003
  0.93065232571465706       0.79987098037196269       -8.0657625692569183E-003
  0.93332724069277484       0.79986346860431623       -7.5809084934065143E-003
  0.93582278745266945       0.79985654660262062       -7.2686016469473529E-003
  0.93812425343613348       0.79984990119177213       -7.5139212783135725E-003
  0.94022153932796815       0.79984315238527204       -8.0601338503058957E-003
  0.94210922423788368       0.79983598359467667       -9.2881072373271738E-003
  0.94378647005401650       0.79982815425530762       -1.0435736803010997E-002
  0.94525676971025796       0.79982003903687005       -1.1312230381996318E-002
  0.94652754981316389       0.79981198945349685       -1.1619418672845525E-002
  0.94760964338775255       0.79980446813714401       -1.1629395063851682E-002
  0.94851665322928391       0.79979762815403754       -1.1284001164049855E-002
  0.94926423031599905       0.79979169454832810       -1.0806744231495130E-002
  0.94986929479977211       0.79978663435376429       -1.0154863177720581E-002
  0.95034922913498199       0.79978252075910772       -9.4934054499357084E-003
  0.95072107385565263       0.79977921958661469       -8.7999020050321796E-003
  0.95100075633228487       0.79977672397052657       -8.2147178124186340E-003
  0.95120238153976067       0.79977486816359444       -7.6834955046147712E-003
  0.95133761149450990       0.79977364339837198       -7.3190222434129917E-003
  0.95141515666069587       0.79977290813988700       -7.0616018220224638E-003
  0.95144039840570149       0.79977269244648963       -5.6550095130126739E-003
  0.95144039840570149       0.79977269244645555       -6.9876109268174145E-003
  0.95144951358655505       0.79977260788072646       -7.1277462732726570E-003
  0.95147784494076593       0.79977234475510950       -7.5339613106953406E-003
  0.95152830811253053       0.79977187498532576       -8.2136858846029743E-003
  0.95160562476995614       0.79977115268567878       -9.1546037946643663E-003
  0.95171612141170181       0.79977011477811200       -1.0361203299932313E-002
  0.95186745832039221       0.79976868311988714       -1.1820144211461343E-002
  0.95206829881444399       0.79976676456287044       -1.3537812162514913E-002
  0.95232793119501213       0.79976425452172328       -1.5501734080476634E-002
  0.95265585757183080       0.79976103471580573       -1.7732965366818010E-002
  0.95306136501465322       0.79975697767476739       -2.0213519631742716E-002
  0.95355309516909836       0.79975194965299379       -2.2932155972517392E-002
  0.95413862857123166       0.79974581859622873       -2.5867623867155212E-002
  0.95482409939051893       0.79973844676822992       -2.9039055507495398E-002
  0.95561385524432507       0.79972970924796127       -3.2340763394470028E-002
  0.95651017509879632       0.79971951008107978       -3.5745433142839143E-002
  0.95751305616072824       0.79970776539180144       -3.9194585235045369E-002
  0.95862007815052230       0.79969445475524603       -4.2506739274176253E-002
  0.95982635052022847       0.79967958951849327       -4.5699653869900929E-002
  0.96112454514705903       0.79966329196478103       -4.8223815990059961E-002
  0.96250501390342158       0.79964584444862241       -5.0011437856128729E-002
  0.96395598739478583       0.79962754363779054       -5.1169824584144097E-002
  0.96546384818115205       0.79960856595919994       -5.2120070304203271E-002
  0.96701346906624208       0.79958946743197301       -5.0228458935868608E-002
  0.96858860465142083       0.79957157195721951       -4.5422594026702026E-002
  0.97017232239679485       0.79955595867220808       -3.7143365954474428E-002
  0.97174745798197359       0.79954472507254737       -2.1736102169152987E-002
  0.97329707886706407       0.79954093758245393        3.0399782256417848E-003
  0.97480493965342974       0.79954770512971618        3.4091444941539074E-002
  0.97625591314479410       0.79956537719647292        6.2966521060356329E-002
  0.97763638190115709       0.79959130238400733        7.9521460228633808E-002
  0.97893457652798765       0.79961802402465243        7.1325967126741149E-002
  0.98014084889769371       0.79963934415658056        5.5433864792536564E-002
  0.98124787088748777       0.79965496772252509        4.0612739551535840E-002
  0.98225075194941946       0.79966605306163696        3.1740202528027096E-002
  0.98314707180389094       0.79967515445917681        2.9348021227541991E-002
  0.98393682765769674       0.79968333652921353        2.8498254668794552E-002
  0.98462229847698424       0.79969100912709890        2.8441261126470881E-002
  0.98520783187911731       0.79969802724542483        2.7421944589867714E-002
  0.98569956203356246       0.79970429611352334        2.6150475372688761E-002
  0.98610506947638499       0.79970967226608081        2.4154460856224646E-002
  0.98643299585320354       0.79971417812566503        2.2182242010735646E-002
  0.98669262823377191       0.79971781259314056        1.9930918876827720E-002
  0.98689346872782358       0.79972068851351696        1.7924465977851689E-002
  0.98704480563651409       0.79972286413674021        1.5901038040722300E-002
  0.98715530227825965       0.79972447975172067        1.4304514117264857E-002
  0.98723261893568515       0.79972560194812214        1.2878864710600815E-002
  0.98728308210744975       0.79972635124232894        1.1951452620478394E-002
  0.98731141346166063       0.79972675970247786        1.1279800693000190E-002
  0.98732052864251418       0.79972690246659361        1.2912559280746931E-002
  0.98732052864251418       0.79972690246657219        1.1090547821026942E-002
  0.98732347717685764       0.79972694603522243        1.1396555484032620E-002
  0.98733268232536664       0.79972708204617360        1.2059980060003859E-002
  0.98734920753951871       0.79972732637713007        1.3290790573227898E-002
  0.98737477518987282       0.79972770487390021        1.4871552285296061E-002
  0.98741169346007518       0.79972825221107413        1.6982960722143510E-002
  0.98746275785743221       0.79972901124394702        1.9401192257059975E-002
  0.98753113102740997       0.79973003058632086        2.2297856762584858E-002
  0.98762020537489725       0.79973136449197857        2.5439243422629137E-002
  0.98773345364419296       0.79973306760427942        2.8952118041523239E-002
  0.98787427306844966       0.79973519525495851        3.2607347368869624E-002
  0.98804582895071369       0.79973780013735041        3.6559402099166589E-002
  0.98825090357344803       0.79974093191775442        4.0544572995783450E-002
  0.98849175615015950       0.79974462951627168        4.4627599563527166E-002
  0.98876999913816599       0.79974890215846461        4.8153599186227164E-002
  0.98908649564016615       0.79975372289282265        5.1396049977152226E-002
  0.98944128185583380       0.79975905093621047        5.3546399825543531E-002
  0.98983351763140681       0.79976472070800841        5.4009535323367067E-002
  0.99026146712881047       0.79977056921712419        5.3187113665146661E-002
  0.99072251053402471       0.79977637088627229        5.0118068508834809E-002
  0.99121318658783508       0.79978187065804840        4.5718862285186741E-002
  0.99172926459264144       0.79978689438351225        4.0084207575880416E-002
  0.99226584346827573       0.79979130175472579        3.4504094817833286E-002
  0.99281747443761126       0.79979515280179359        2.9899449159493014E-002
  0.99337830305576236       0.79979857700464996        2.7712260293874687E-002
  0.99394222558675138       0.79980204179792602        3.0308191759317836E-002
  0.99450305420490248       0.79980605583671971        3.7309989370615818E-002
  0.99505468517423801       0.79981127441702038        5.0777933833818005E-002
  0.99559126404987230       0.79981833043715700        6.9172239580289327E-002
  0.99610734205467877       0.79982772762598087        9.2282517565157735E-002
  0.99659801810848903       0.79983975223280035       0.11847241005557053     
  0.99705906151370327       0.79985482546450426       0.15243240796966295     
  0.99748701101110693       0.79987363174987758       0.19501313570106371     
  0.99787924678667994       0.79989674869929872       0.24503859584175713     
  0.99823403300234748       0.79992396288489986       0.29243875410551573     
  0.99855052950434764       0.79995455192112852       0.33981825123702014     
  0.99882877249235413       0.79998748391603647       0.37194934627651061     
  0.99906962506906571       0.80002000521630090       0.37064493082423799     
  0.99927469969180005       0.80004744749495305       0.27947968021015868     
  0.99944625557406408       0.80005995610276148        2.8838116602548061E-002
  0.99958707499832089       0.80005316901402201      -0.20124753969102402     
  0.99970032326761649       0.80003856139992913      -0.23975678846762732     
  0.99978939761510388       0.80002598727552787      -0.20878749514554054     
  0.99985777078508153       0.80001666421202500      -0.16977497256442167     
  0.99990883518243867       0.80001030821203367      -0.13783967834478217     
  0.99994575345264070       0.80000593484559390      -0.11496757152519814     
  0.99997132110299503       0.80000310355253490       -9.8313350199459901E-002
  0.99998784631714710       0.80000128504553203       -8.7515938734087861E-002
  0.99999705146565609       0.80000033516659519       -8.0896988717299612E-002
  0.99999999999999956       0.79999999999999838       -9.5396545329235513E-002
